now_time,predict_time,id,lon,lat,10UV
2015-07-01 08:00:00,2015-07-08 20:00:00,F2273,117.9,24.035,2.4741893716997465
2015-07-02 08:00:00,2015-07-09 20:00:00,F2273,117.9,24.035,7.081133416197794
2015-07-03 08:00:00,2015-07-10 20:00:00,F2273,117.9,24.035,2.807960165342624
2015-07-04 08:00:00,2015-07-11 20:00:00,F2273,117.9,24.035,3.6640866812827566
2015-07-05 08:00:00,2015-07-12 20:00:00,F2273,117.9,24.035,2.5781085775103105
2015-07-06 08:00:00,2015-07-13 20:00:00,F2273,117.9,24.035,6.215372106785445
2015-07-07 08:00:00,2015-07-14 20:00:00,F2273,117.9,24.035,3.607984809173972
2015-07-08 08:00:00,2015-07-15 20:00:00,F2273,117.9,24.035,2.7710370415453425
2015-07-09 08:00:00,2015-07-16 20:00:00,F2273,117.9,24.035,2.530235861187456
2015-07-10 08:00:00,2015-07-17 20:00:00,F2273,117.9,24.035,5.886318702927142
2015-07-11 08:00:00,2015-07-18 20:00:00,F2273,117.9,24.035,3.9559325724115766
2015-07-12 08:00:00,2015-07-19 20:00:00,F2273,117.9,24.035,6.984863138695062
2015-07-13 08:00:00,2015-07-20 20:00:00,F2273,117.9,24.035,2.2335959371078697
2015-07-14 08:00:00,2015-07-21 20:00:00,F2273,117.9,24.035,4.915506226636665
2015-07-15 08:00:00,2015-07-22 20:00:00,F2273,117.9,24.035,6.4987778947091295
2015-07-16 08:00:00,2015-07-23 20:00:00,F2273,117.9,24.035,5.169817409437262
2015-07-17 08:00:00,2015-07-24 20:00:00,F2273,117.9,24.035,4.276344173224237
2015-07-18 08:00:00,2015-07-25 20:00:00,F2273,117.9,24.035,7.259519616257503
2015-07-19 08:00:00,2015-07-26 20:00:00,F2273,117.9,24.035,4.914664544338086
2015-07-20 08:00:00,2015-07-27 20:00:00,F2273,117.9,24.035,5.945160364502533
2015-07-21 08:00:00,2015-07-28 20:00:00,F2273,117.9,24.035,4.670245731089449
2015-07-22 08:00:00,2015-07-29 20:00:00,F2273,117.9,24.035,3.845766265986805
2015-07-23 08:00:00,2015-07-30 20:00:00,F2273,117.9,24.035,4.0579881862265035
2015-07-24 08:00:00,2015-07-31 20:00:00,F2273,117.9,24.035,2.197202351454585
2015-07-25 08:00:00,2015-08-01 20:00:00,F2273,117.9,24.035,5.1253548037011685
2015-07-26 08:00:00,2015-08-02 20:00:00,F2273,117.9,24.035,4.552217109901405
2015-07-27 08:00:00,2015-08-03 20:00:00,F2273,117.9,24.035,1.9821587127355664
2015-07-28 08:00:00,2015-08-04 20:00:00,F2273,117.9,24.035,4.702585960013703
2015-07-29 08:00:00,2015-08-05 20:00:00,F2273,117.9,24.035,4.220842500652983
2015-07-30 08:00:00,2015-08-06 20:00:00,F2273,117.9,24.035,3.6921140224469418
2015-08-01 08:00:00,2015-08-08 20:00:00,F2273,117.9,24.035,6.481235737994197
2015-08-02 08:00:00,2015-08-09 20:00:00,F2273,117.9,24.035,8.044275995857008
2015-08-03 08:00:00,2015-08-10 20:00:00,F2273,117.9,24.035,4.843707121878165
2015-08-04 08:00:00,2015-08-11 20:00:00,F2273,117.9,24.035,4.816118558040677
2015-08-05 08:00:00,2015-08-12 20:00:00,F2273,117.9,24.035,3.9291036689767433
2015-08-06 08:00:00,2015-08-13 20:00:00,F2273,117.9,24.035,4.164105612645094
2015-08-07 08:00:00,2015-08-14 20:00:00,F2273,117.9,24.035,6.37926451496892
2015-08-08 08:00:00,2015-08-15 20:00:00,F2273,117.9,24.035,4.629989658490247
2015-08-09 08:00:00,2015-08-16 20:00:00,F2273,117.9,24.035,6.1329047377270225
2015-08-10 08:00:00,2015-08-17 20:00:00,F2273,117.9,24.035,4.912771994702644
2015-08-11 08:00:00,2015-08-18 20:00:00,F2273,117.9,24.035,5.105798570945009
2015-08-12 08:00:00,2015-08-19 20:00:00,F2273,117.9,24.035,2.1769493063002767
2015-08-13 08:00:00,2015-08-20 20:00:00,F2273,117.9,24.035,2.167683438883328
2015-08-14 08:00:00,2015-08-21 20:00:00,F2273,117.9,24.035,1.3423744261925308
2015-08-15 08:00:00,2015-08-22 20:00:00,F2273,117.9,24.035,3.52269419223814
2015-08-16 08:00:00,2015-08-23 20:00:00,F2273,117.9,24.035,3.4137062543590764
2015-08-17 08:00:00,2015-08-24 20:00:00,F2273,117.9,24.035,2.0689325161237355
2015-08-18 08:00:00,2015-08-25 20:00:00,F2273,117.9,24.035,2.5232077688258774
2015-08-19 08:00:00,2015-08-26 20:00:00,F2273,117.9,24.035,1.8126749010695555
2015-08-20 08:00:00,2015-08-27 20:00:00,F2273,117.9,24.035,3.5951377308512886
2015-08-21 08:00:00,2015-08-28 20:00:00,F2273,117.9,24.035,3.61200352781753
2015-08-22 08:00:00,2015-08-29 20:00:00,F2273,117.9,24.035,12.7930915445542
2015-08-23 08:00:00,2015-08-30 20:00:00,F2273,117.9,24.035,6.546457190088005
2015-08-24 08:00:00,2015-08-31 20:00:00,F2273,117.9,24.035,5.7553443225248815
2015-08-25 08:00:00,2015-09-01 20:00:00,F2273,117.9,24.035,3.394524364254868
2015-08-26 08:00:00,2015-09-02 20:00:00,F2273,117.9,24.035,3.8664063422206514
2015-08-27 08:00:00,2015-09-03 20:00:00,F2273,117.9,24.035,3.051207340630173
2015-08-28 08:00:00,2015-09-04 20:00:00,F2273,117.9,24.035,2.9703477128318387
2015-08-29 08:00:00,2015-09-05 20:00:00,F2273,117.9,24.035,5.750155968816069
2015-08-30 08:00:00,2015-09-06 20:00:00,F2273,117.9,24.035,5.681948189491355
2015-08-31 08:00:00,2015-09-07 20:00:00,F2273,117.9,24.035,2.805450626260594
2015-09-01 08:00:00,2015-09-08 20:00:00,F2273,117.9,24.035,6.141870033139968
2015-09-03 08:00:00,2015-09-10 20:00:00,F2273,117.9,24.035,4.897615897155731
2015-09-04 08:00:00,2015-09-11 20:00:00,F2273,117.9,24.035,2.8522281843137063
2015-09-05 08:00:00,2015-09-12 20:00:00,F2273,117.9,24.035,4.905837610962183
2015-09-06 08:00:00,2015-09-13 20:00:00,F2273,117.9,24.035,7.531877327518573
2015-09-07 08:00:00,2015-09-14 20:00:00,F2273,117.9,24.035,7.55987523374133
2015-09-08 08:00:00,2015-09-15 20:00:00,F2273,117.9,24.035,9.084742216917586
2015-09-09 08:00:00,2015-09-16 20:00:00,F2273,117.9,24.035,7.161199722107602
2015-09-10 08:00:00,2015-09-17 20:00:00,F2273,117.9,24.035,6.962320206158341
2015-09-11 08:00:00,2015-09-18 20:00:00,F2273,117.9,24.035,5.730292115546875
2015-09-12 08:00:00,2015-09-19 20:00:00,F2273,117.9,24.035,3.701418027601887
2015-09-14 08:00:00,2015-09-21 20:00:00,F2273,117.9,24.035,4.3876380539435536
2015-09-15 08:00:00,2015-09-22 20:00:00,F2273,117.9,24.035,3.5242951860505314
2015-09-16 08:00:00,2015-09-23 20:00:00,F2273,117.9,24.035,4.318187587156653
2015-09-17 08:00:00,2015-09-24 20:00:00,F2273,117.9,24.035,2.3097466896658387
2015-09-18 08:00:00,2015-09-25 20:00:00,F2273,117.9,24.035,1.7219659889439354
2015-09-19 08:00:00,2015-09-26 20:00:00,F2273,117.9,24.035,7.674833412840918
2015-09-20 08:00:00,2015-09-27 20:00:00,F2273,117.9,24.035,7.856770925669547
2015-09-21 08:00:00,2015-09-28 20:00:00,F2273,117.9,24.035,6.874185605507297
2015-09-22 08:00:00,2015-09-29 20:00:00,F2273,117.9,24.035,5.418359152559567
2015-09-23 08:00:00,2015-09-30 20:00:00,F2273,117.9,24.035,1.3641882466320403
2015-09-24 08:00:00,2015-10-01 20:00:00,F2273,117.9,24.035,5.35990922666174
2015-09-25 08:00:00,2015-10-02 20:00:00,F2273,117.9,24.035,7.7311472288993714
2015-09-26 08:00:00,2015-10-03 20:00:00,F2273,117.9,24.035,7.295640045827493
2015-09-27 08:00:00,2015-10-04 20:00:00,F2273,117.9,24.035,10.723296680256244
2015-09-28 08:00:00,2015-10-05 20:00:00,F2273,117.9,24.035,6.407968410997349
2015-09-29 08:00:00,2015-10-06 20:00:00,F2273,117.9,24.035,5.363259148039987
2015-09-30 08:00:00,2015-10-07 20:00:00,F2273,117.9,24.035,4.8053198122777685
2015-10-02 08:00:00,2015-10-09 20:00:00,F2273,117.9,24.035,7.995185063071152
2015-10-03 08:00:00,2015-10-10 20:00:00,F2273,117.9,24.035,7.949216995845044
2015-10-04 08:00:00,2015-10-11 20:00:00,F2273,117.9,24.035,10.358349132539919
2015-10-05 08:00:00,2015-10-12 20:00:00,F2273,117.9,24.035,8.071035479741232
2015-10-06 08:00:00,2015-10-13 20:00:00,F2273,117.9,24.035,8.205292489854509
2015-10-07 08:00:00,2015-10-14 20:00:00,F2273,117.9,24.035,8.262191018805598
2015-10-08 08:00:00,2015-10-15 20:00:00,F2273,117.9,24.035,8.341644213260958
2015-10-09 08:00:00,2015-10-16 20:00:00,F2273,117.9,24.035,8.5240191512668
2015-10-10 08:00:00,2015-10-17 20:00:00,F2273,117.9,24.035,6.6740303975946125
2015-10-11 08:00:00,2015-10-18 20:00:00,F2273,117.9,24.035,5.143054028735581
2015-10-12 08:00:00,2015-10-19 20:00:00,F2273,117.9,24.035,5.721655426029519
2015-10-13 08:00:00,2015-10-20 20:00:00,F2273,117.9,24.035,6.20899647433455
2015-10-14 08:00:00,2015-10-21 20:00:00,F2273,117.9,24.035,8.712516712374462
2015-10-15 08:00:00,2015-10-22 20:00:00,F2273,117.9,24.035,12.142699912157688
2015-10-16 08:00:00,2015-10-23 20:00:00,F2273,117.9,24.035,10.911490059595303
2015-10-17 08:00:00,2015-10-24 20:00:00,F2273,117.9,24.035,4.911703333841515
2015-10-18 08:00:00,2015-10-25 20:00:00,F2273,117.9,24.035,1.9376350691091448
2015-10-19 08:00:00,2015-10-26 20:00:00,F2273,117.9,24.035,5.408927229294607
2015-10-20 08:00:00,2015-10-27 20:00:00,F2273,117.9,24.035,5.958382541529541
2015-10-21 08:00:00,2015-10-28 20:00:00,F2273,117.9,24.035,4.4287281164363215
2015-10-22 08:00:00,2015-10-29 20:00:00,F2273,117.9,24.035,2.490819096581952
2015-10-23 08:00:00,2015-10-30 20:00:00,F2273,117.9,24.035,3.7053422224479218
2015-10-24 08:00:00,2015-10-31 20:00:00,F2273,117.9,24.035,9.061471041601054
2015-10-25 08:00:00,2015-11-01 20:00:00,F2273,117.9,24.035,9.54000512861189
2015-10-26 08:00:00,2015-11-02 20:00:00,F2273,117.9,24.035,8.779427837446732
2015-10-27 08:00:00,2015-11-03 20:00:00,F2273,117.9,24.035,6.998406494691173
2015-10-28 08:00:00,2015-11-04 20:00:00,F2273,117.9,24.035,7.328322945211371
2015-10-29 08:00:00,2015-11-05 20:00:00,F2273,117.9,24.035,5.200978461575582
2015-10-30 08:00:00,2015-11-06 20:00:00,F2273,117.9,24.035,2.4388514410836413
2015-11-01 08:00:00,2015-11-08 20:00:00,F2273,117.9,24.035,2.25887963117634
2015-11-02 08:00:00,2015-11-09 20:00:00,F2273,117.9,24.035,6.765240538781695
2015-11-03 08:00:00,2015-11-10 20:00:00,F2273,117.9,24.035,9.32919762214045
2015-11-04 08:00:00,2015-11-11 20:00:00,F2273,117.9,24.035,7.952748926645699
2015-11-05 08:00:00,2015-11-12 20:00:00,F2273,117.9,24.035,2.760317980339316
2015-11-07 08:00:00,2015-11-14 20:00:00,F2273,117.9,24.035,7.788765783587888
2015-11-08 08:00:00,2015-11-15 20:00:00,F2273,117.9,24.035,8.287876916479625
2015-11-09 08:00:00,2015-11-16 20:00:00,F2273,117.9,24.035,4.477132524805215
2015-11-10 08:00:00,2015-11-17 20:00:00,F2273,117.9,24.035,6.6661091012058735
2015-11-11 08:00:00,2015-11-18 20:00:00,F2273,117.9,24.035,2.533597599073268
2015-11-12 08:00:00,2015-11-19 20:00:00,F2273,117.9,24.035,6.423686633009441
2015-11-13 08:00:00,2015-11-20 20:00:00,F2273,117.9,24.035,8.228768689437388
2015-11-14 08:00:00,2015-11-21 20:00:00,F2273,117.9,24.035,3.930282472453156
2015-11-15 08:00:00,2015-11-22 20:00:00,F2273,117.9,24.035,5.971113898021537
2015-11-16 08:00:00,2015-11-23 20:00:00,F2273,117.9,24.035,7.281858641364415
2015-11-17 08:00:00,2015-11-24 20:00:00,F2273,117.9,24.035,7.6720449878976575
2015-11-18 08:00:00,2015-11-25 20:00:00,F2273,117.9,24.035,10.675803111218674
2015-11-19 08:00:00,2015-11-26 20:00:00,F2273,117.9,24.035,7.244388044501506
2015-11-20 08:00:00,2015-11-27 20:00:00,F2273,117.9,24.035,6.839640665757066
2015-11-21 08:00:00,2015-11-28 20:00:00,F2273,117.9,24.035,5.710933507582612
2015-11-22 08:00:00,2015-11-29 20:00:00,F2273,117.9,24.035,7.564537241563213
2015-11-23 08:00:00,2015-11-30 20:00:00,F2273,117.9,24.035,8.866794801599331
2015-11-24 08:00:00,2015-12-01 20:00:00,F2273,117.9,24.035,5.618541709176817
2015-11-25 08:00:00,2015-12-02 20:00:00,F2273,117.9,24.035,9.439266792490736
2015-11-26 08:00:00,2015-12-03 20:00:00,F2273,117.9,24.035,8.81656995941606
2015-11-27 08:00:00,2015-12-04 20:00:00,F2273,117.9,24.035,9.94111743458707
2015-11-28 08:00:00,2015-12-05 20:00:00,F2273,117.9,24.035,9.151187332082204
2015-11-29 08:00:00,2015-12-06 20:00:00,F2273,117.9,24.035,8.167986451872496
2015-11-30 08:00:00,2015-12-07 20:00:00,F2273,117.9,24.035,10.278006426045003
2016-01-01 08:00:00,2016-01-08 20:00:00,F2273,117.9,24.035,9.562104855599346
2016-01-02 08:00:00,2016-01-09 20:00:00,F2273,117.9,24.035,9.52683634683316
2016-01-03 08:00:00,2016-01-10 20:00:00,F2273,117.9,24.035,5.111438983276881
2016-01-04 08:00:00,2016-01-11 20:00:00,F2273,117.9,24.035,6.035559789917447
2016-01-05 08:00:00,2016-01-12 20:00:00,F2273,117.9,24.035,3.9798975107576062
2016-01-06 08:00:00,2016-01-13 20:00:00,F2273,117.9,24.035,6.876437917943679
2016-01-07 08:00:00,2016-01-14 20:00:00,F2273,117.9,24.035,7.8740961289895575
2016-01-08 08:00:00,2016-01-15 20:00:00,F2273,117.9,24.035,9.605845227974351
2016-01-09 08:00:00,2016-01-16 20:00:00,F2273,117.9,24.035,8.854397438217301
2016-01-10 08:00:00,2016-01-17 20:00:00,F2273,117.9,24.035,6.289592854946305
2016-01-11 08:00:00,2016-01-18 20:00:00,F2273,117.9,24.035,7.371559782668031
2016-01-12 08:00:00,2016-01-19 20:00:00,F2273,117.9,24.035,10.114952805393168
2016-01-13 08:00:00,2016-01-20 20:00:00,F2273,117.9,24.035,8.66814677706807
2016-01-14 08:00:00,2016-01-21 20:00:00,F2273,117.9,24.035,7.301020130939214
2016-01-15 08:00:00,2016-01-22 20:00:00,F2273,117.9,24.035,8.472734760000442
2016-01-16 08:00:00,2016-01-23 20:00:00,F2273,117.9,24.035,9.984403907080182
2016-01-17 08:00:00,2016-01-24 20:00:00,F2273,117.9,24.035,9.067124674960636
2016-01-18 08:00:00,2016-01-25 20:00:00,F2273,117.9,24.035,9.632031619923616
2016-01-19 08:00:00,2016-01-26 20:00:00,F2273,117.9,24.035,5.885151172414367
2016-01-20 08:00:00,2016-01-27 20:00:00,F2273,117.9,24.035,6.7186747032872
2016-01-21 08:00:00,2016-01-28 20:00:00,F2273,117.9,24.035,4.250407660335509
2016-01-22 08:00:00,2016-01-29 20:00:00,F2273,117.9,24.035,4.238900510944844
2016-01-23 08:00:00,2016-01-30 20:00:00,F2273,117.9,24.035,8.94920985294493
2016-01-24 08:00:00,2016-01-31 20:00:00,F2273,117.9,24.035,10.23460040782248
2016-01-25 08:00:00,2016-02-01 20:00:00,F2273,117.9,24.035,11.696559010581375
2016-01-26 08:00:00,2016-02-02 20:00:00,F2273,117.9,24.035,10.615283560986331
2016-01-27 08:00:00,2016-02-03 20:00:00,F2273,117.9,24.035,9.722303434631106
2016-01-28 08:00:00,2016-02-04 20:00:00,F2273,117.9,24.035,7.970143074163902
2016-01-29 08:00:00,2016-02-05 20:00:00,F2273,117.9,24.035,9.634422426397178
2016-01-30 08:00:00,2016-02-06 20:00:00,F2273,117.9,24.035,8.173461384302666
2016-01-31 08:00:00,2016-02-07 20:00:00,F2273,117.9,24.035,4.187860078243621
2016-02-01 08:00:00,2016-02-08 20:00:00,F2273,117.9,24.035,3.636602325317924
2016-02-02 08:00:00,2016-02-09 20:00:00,F2273,117.9,24.035,3.3906777002212407
2016-02-03 08:00:00,2016-02-10 20:00:00,F2273,117.9,24.035,3.4491469653017046
2016-02-04 08:00:00,2016-02-11 20:00:00,F2273,117.9,24.035,3.0390919559092318
2016-02-05 08:00:00,2016-02-12 20:00:00,F2273,117.9,24.035,2.060283053235886
2016-02-06 08:00:00,2016-02-13 20:00:00,F2273,117.9,24.035,5.046258048564777
2016-02-07 08:00:00,2016-02-14 20:00:00,F2273,117.9,24.035,9.528531384005733
2016-02-08 08:00:00,2016-02-15 20:00:00,F2273,117.9,24.035,9.148485110845078
2016-02-09 08:00:00,2016-02-16 20:00:00,F2273,117.9,24.035,6.909244504604549
2016-02-10 08:00:00,2016-02-17 20:00:00,F2273,117.9,24.035,4.744950229971777
2016-02-11 08:00:00,2016-02-18 20:00:00,F2273,117.9,24.035,4.232241701013862
2016-02-12 08:00:00,2016-02-19 20:00:00,F2273,117.9,24.035,7.3188726529087855
2016-02-13 08:00:00,2016-02-20 20:00:00,F2273,117.9,24.035,9.167023061303585
2016-02-14 08:00:00,2016-02-21 20:00:00,F2273,117.9,24.035,11.55873469929519
2016-02-15 08:00:00,2016-02-22 20:00:00,F2273,117.9,24.035,9.606215157814818
2016-02-16 08:00:00,2016-02-23 20:00:00,F2273,117.9,24.035,8.032163713512679
2016-02-17 08:00:00,2016-02-24 20:00:00,F2273,117.9,24.035,10.958196904041081
2016-02-18 08:00:00,2016-02-25 20:00:00,F2273,117.9,24.035,9.537259416280943
2016-02-19 08:00:00,2016-02-26 20:00:00,F2273,117.9,24.035,6.869083610051267
2016-02-20 08:00:00,2016-02-27 20:00:00,F2273,117.9,24.035,2.41033256189957
2016-02-21 08:00:00,2016-02-28 20:00:00,F2273,117.9,24.035,2.733813196212498
2016-02-22 08:00:00,2016-02-29 20:00:00,F2273,117.9,24.035,5.7402081159927825
2016-02-23 08:00:00,2016-03-01 20:00:00,F2273,117.9,24.035,2.7737767404211664
2016-02-24 08:00:00,2016-03-02 20:00:00,F2273,117.9,24.035,4.867309557993288
2016-02-25 08:00:00,2016-03-03 20:00:00,F2273,117.9,24.035,3.0631963594471765
2016-02-26 08:00:00,2016-03-04 20:00:00,F2273,117.9,24.035,3.0922070454533648
2016-02-27 08:00:00,2016-03-05 20:00:00,F2273,117.9,24.035,1.5649121179197767
2016-02-28 08:00:00,2016-03-06 20:00:00,F2273,117.9,24.035,4.05034981321902
2016-02-29 08:00:00,2016-03-07 20:00:00,F2273,117.9,24.035,2.7965192772164498
2016-03-01 08:00:00,2016-03-08 20:00:00,F2273,117.9,24.035,2.3923533671178325
2016-03-02 08:00:00,2016-03-09 20:00:00,F2273,117.9,24.035,11.995027316087361
2016-03-03 08:00:00,2016-03-10 20:00:00,F2273,117.9,24.035,10.010894710954863
2016-03-04 08:00:00,2016-03-11 20:00:00,F2273,117.9,24.035,8.928666482949446
2016-03-05 08:00:00,2016-03-12 20:00:00,F2273,117.9,24.035,4.518091360557452
2016-03-06 08:00:00,2016-03-13 20:00:00,F2273,117.9,24.035,6.144099306352937
2016-03-07 08:00:00,2016-03-14 20:00:00,F2273,117.9,24.035,8.881471597909403
2016-03-08 08:00:00,2016-03-15 20:00:00,F2273,117.9,24.035,6.253552698943674
2016-03-09 08:00:00,2016-03-16 20:00:00,F2273,117.9,24.035,3.316394744483589
2016-03-10 08:00:00,2016-03-17 20:00:00,F2273,117.9,24.035,4.9140107979406435
2016-03-11 08:00:00,2016-03-18 20:00:00,F2273,117.9,24.035,4.032389936333492
2016-03-12 08:00:00,2016-03-19 20:00:00,F2273,117.9,24.035,6.878353351992085
2016-03-13 08:00:00,2016-03-20 20:00:00,F2273,117.9,24.035,9.143277116877806
2016-03-14 08:00:00,2016-03-21 20:00:00,F2273,117.9,24.035,3.9107286545066073
2016-03-15 08:00:00,2016-03-22 20:00:00,F2273,117.9,24.035,8.319520299772114
2016-03-16 08:00:00,2016-03-23 20:00:00,F2273,117.9,24.035,6.405326392102803
2016-03-17 08:00:00,2016-03-24 20:00:00,F2273,117.9,24.035,9.74028266737214
2016-03-18 08:00:00,2016-03-25 20:00:00,F2273,117.9,24.035,7.779734732513902
2016-03-19 08:00:00,2016-03-26 20:00:00,F2273,117.9,24.035,6.239198166217227
2016-03-20 08:00:00,2016-03-27 20:00:00,F2273,117.9,24.035,5.200833874068474
2016-03-21 08:00:00,2016-03-28 20:00:00,F2273,117.9,24.035,2.9981938792121583
2016-03-22 08:00:00,2016-03-29 20:00:00,F2273,117.9,24.035,2.7980932100876514
2016-03-23 08:00:00,2016-03-30 20:00:00,F2273,117.9,24.035,1.2115942598979403
2016-03-24 08:00:00,2016-03-31 20:00:00,F2273,117.9,24.035,3.0311004191464384
2016-03-25 08:00:00,2016-04-01 20:00:00,F2273,117.9,24.035,1.6173575419669606
2016-03-26 08:00:00,2016-04-02 20:00:00,F2273,117.9,24.035,3.7740543158802318
2016-03-27 08:00:00,2016-04-03 20:00:00,F2273,117.9,24.035,5.0229831632017925
2016-03-28 08:00:00,2016-04-04 20:00:00,F2273,117.9,24.035,3.8108022688006535
2016-03-29 08:00:00,2016-04-05 20:00:00,F2273,117.9,24.035,4.948356429081395
2016-03-30 08:00:00,2016-04-06 20:00:00,F2273,117.9,24.035,3.848197892860505
2016-03-31 08:00:00,2016-04-07 20:00:00,F2273,117.9,24.035,5.505934111687406
2016-04-01 08:00:00,2016-04-08 20:00:00,F2273,117.9,24.035,6.617492453976038
2016-04-02 08:00:00,2016-04-09 20:00:00,F2273,117.9,24.035,4.680266220516732
2016-04-03 08:00:00,2016-04-10 20:00:00,F2273,117.9,24.035,4.490438840107421
2016-04-04 08:00:00,2016-04-11 20:00:00,F2273,117.9,24.035,8.201760761562324
2016-04-05 08:00:00,2016-04-12 20:00:00,F2273,117.9,24.035,1.4023319077248613
2016-04-06 08:00:00,2016-04-13 20:00:00,F2273,117.9,24.035,7.212457742055203
2016-04-07 08:00:00,2016-04-14 20:00:00,F2273,117.9,24.035,7.2458611530107415
2016-04-08 08:00:00,2016-04-15 20:00:00,F2273,117.9,24.035,2.2204246047436134
2016-04-09 08:00:00,2016-04-16 20:00:00,F2273,117.9,24.035,7.184277834883808
2016-04-10 08:00:00,2016-04-17 20:00:00,F2273,117.9,24.035,6.849049156653527
2016-04-11 08:00:00,2016-04-18 20:00:00,F2273,117.9,24.035,2.6609233528412384
2016-04-12 08:00:00,2016-04-19 20:00:00,F2273,117.9,24.035,5.379564898885728
2016-04-13 08:00:00,2016-04-20 20:00:00,F2273,117.9,24.035,2.567126714140941
2016-04-14 08:00:00,2016-04-21 20:00:00,F2273,117.9,24.035,4.4984470800276215
2016-04-15 08:00:00,2016-04-22 20:00:00,F2273,117.9,24.035,5.058535594500099
2016-04-16 08:00:00,2016-04-23 20:00:00,F2273,117.9,24.035,7.865802244476077
2016-04-17 08:00:00,2016-04-24 20:00:00,F2273,117.9,24.035,7.453251480344336
2016-04-18 08:00:00,2016-04-25 20:00:00,F2273,117.9,24.035,2.7395213177779385
2016-04-19 08:00:00,2016-04-26 20:00:00,F2273,117.9,24.035,5.916577561333913
2016-04-20 08:00:00,2016-04-27 20:00:00,F2273,117.9,24.035,5.132333601899345
2016-04-21 08:00:00,2016-04-28 20:00:00,F2273,117.9,24.035,8.817369959743973
2016-04-22 08:00:00,2016-04-29 20:00:00,F2273,117.9,24.035,6.3213522147136425
2016-04-23 08:00:00,2016-04-30 20:00:00,F2273,117.9,24.035,3.8145908711249215
2016-04-24 08:00:00,2016-05-01 20:00:00,F2273,117.9,24.035,4.150100215543696
2016-04-25 08:00:00,2016-05-02 20:00:00,F2273,117.9,24.035,6.2377034709377845
2016-04-26 08:00:00,2016-05-03 20:00:00,F2273,117.9,24.035,4.371996429943732
2016-04-27 08:00:00,2016-05-04 20:00:00,F2273,117.9,24.035,3.658639181939453
2016-04-28 08:00:00,2016-05-05 20:00:00,F2273,117.9,24.035,5.144802677166815
2016-04-29 08:00:00,2016-05-06 20:00:00,F2273,117.9,24.035,3.7734662892364383
2016-04-30 08:00:00,2016-05-07 20:00:00,F2273,117.9,24.035,5.596821922249624
2016-05-01 08:00:00,2016-05-08 20:00:00,F2273,117.9,24.035,4.423435912302007
2016-05-02 08:00:00,2016-05-09 20:00:00,F2273,117.9,24.035,6.539900762289325
2016-05-03 08:00:00,2016-05-10 20:00:00,F2273,117.9,24.035,6.905531721487683
2016-05-04 08:00:00,2016-05-11 20:00:00,F2273,117.9,24.035,3.1676504158267456
2016-05-05 08:00:00,2016-05-12 20:00:00,F2273,117.9,24.035,3.565950527197072
2016-05-06 08:00:00,2016-05-13 20:00:00,F2273,117.9,24.035,1.3784621598426203
2016-05-07 08:00:00,2016-05-14 20:00:00,F2273,117.9,24.035,1.5120561049473709
2016-05-08 08:00:00,2016-05-15 20:00:00,F2273,117.9,24.035,2.0541966304531
2016-05-09 08:00:00,2016-05-16 20:00:00,F2273,117.9,24.035,7.397532592455348
2016-05-10 08:00:00,2016-05-17 20:00:00,F2273,117.9,24.035,8.673962854237221
2016-05-11 08:00:00,2016-05-18 20:00:00,F2273,117.9,24.035,6.422036746266679
2016-05-12 08:00:00,2016-05-19 20:00:00,F2273,117.9,24.035,2.5984500725543294
2016-05-13 08:00:00,2016-05-20 20:00:00,F2273,117.9,24.035,6.089570061682725
2016-05-14 08:00:00,2016-05-21 20:00:00,F2273,117.9,24.035,4.345297073975424
2016-05-15 08:00:00,2016-05-22 20:00:00,F2273,117.9,24.035,4.202856112548289
2016-05-16 08:00:00,2016-05-23 20:00:00,F2273,117.9,24.035,2.385884307151942
2016-05-17 08:00:00,2016-05-24 20:00:00,F2273,117.9,24.035,2.701825755446067
2016-05-18 08:00:00,2016-05-25 20:00:00,F2273,117.9,24.035,3.0935849474736865
2016-05-19 08:00:00,2016-05-26 20:00:00,F2273,117.9,24.035,1.364710695388592
2016-05-20 08:00:00,2016-05-27 20:00:00,F2273,117.9,24.035,2.2087827671728606
2016-05-21 08:00:00,2016-05-28 20:00:00,F2273,117.9,24.035,4.226939227334452
2016-05-22 08:00:00,2016-05-29 20:00:00,F2273,117.9,24.035,3.7284013535418894
2016-05-23 08:00:00,2016-05-30 20:00:00,F2273,117.9,24.035,3.6468337202538006
2016-05-24 08:00:00,2016-05-31 20:00:00,F2273,117.9,24.035,5.758263771112985
2016-05-25 08:00:00,2016-06-01 20:00:00,F2273,117.9,24.035,5.951922641991215
2016-05-26 08:00:00,2016-06-02 20:00:00,F2273,117.9,24.035,4.564663076946687
2016-05-27 08:00:00,2016-06-03 20:00:00,F2273,117.9,24.035,6.58860060406958
2016-05-28 08:00:00,2016-06-04 20:00:00,F2273,117.9,24.035,5.971239770894164
2016-05-29 08:00:00,2016-06-05 20:00:00,F2273,117.9,24.035,8.724933366337941
2016-05-30 08:00:00,2016-06-06 20:00:00,F2273,117.9,24.035,6.91521849626676
2016-05-31 08:00:00,2016-06-07 20:00:00,F2273,117.9,24.035,5.955714208295587
2016-06-01 08:00:00,2016-06-08 20:00:00,F2273,117.9,24.035,3.8631966193961413
2016-06-02 08:00:00,2016-06-09 20:00:00,F2273,117.9,24.035,1.4639320630595425
2016-06-03 08:00:00,2016-06-10 20:00:00,F2273,117.9,24.035,5.589645405068652
2016-06-04 08:00:00,2016-06-11 20:00:00,F2273,117.9,24.035,8.940250435398996
2016-06-05 08:00:00,2016-06-12 20:00:00,F2273,117.9,24.035,6.747275195064483
2016-06-06 08:00:00,2016-06-13 20:00:00,F2273,117.9,24.035,8.946071095917588
2016-06-07 08:00:00,2016-06-14 20:00:00,F2273,117.9,24.035,4.9866895856374684
2016-06-08 08:00:00,2016-06-15 20:00:00,F2273,117.9,24.035,5.116375135607616
2016-06-09 08:00:00,2016-06-16 20:00:00,F2273,117.9,24.035,5.713208743171183
2016-06-10 08:00:00,2016-06-17 20:00:00,F2273,117.9,24.035,4.829682043690598
2016-06-11 08:00:00,2016-06-18 20:00:00,F2273,117.9,24.035,3.2356978808261903
2016-06-12 08:00:00,2016-06-19 20:00:00,F2273,117.9,24.035,3.9624408676404825
2016-06-13 08:00:00,2016-06-20 20:00:00,F2273,117.9,24.035,3.362592484401981
2016-06-14 08:00:00,2016-06-21 20:00:00,F2273,117.9,24.035,2.510899009652769
2016-06-15 08:00:00,2016-06-22 20:00:00,F2273,117.9,24.035,3.9653988456263938
2016-06-16 08:00:00,2016-06-23 20:00:00,F2273,117.9,24.035,2.4097145055202502
2016-06-17 08:00:00,2016-06-24 20:00:00,F2273,117.9,24.035,3.3594137147030505
2016-06-18 08:00:00,2016-06-25 20:00:00,F2273,117.9,24.035,3.2621312102825595
2016-06-19 08:00:00,2016-06-26 20:00:00,F2273,117.9,24.035,3.653581145198161
2016-06-20 08:00:00,2016-06-27 20:00:00,F2273,117.9,24.035,3.5118182650090684
2016-06-21 08:00:00,2016-06-28 20:00:00,F2273,117.9,24.035,3.681299432255371
2016-06-22 08:00:00,2016-06-29 20:00:00,F2273,117.9,24.035,4.925365221997214
2016-06-23 08:00:00,2016-06-30 20:00:00,F2273,117.9,24.035,3.993137589065097
2016-06-24 08:00:00,2016-07-01 20:00:00,F2273,117.9,24.035,3.196834435812163
2016-06-25 08:00:00,2016-07-02 20:00:00,F2273,117.9,24.035,5.463187993794016
2016-06-26 08:00:00,2016-07-03 20:00:00,F2273,117.9,24.035,6.082212543364251
2016-06-27 08:00:00,2016-07-04 20:00:00,F2273,117.9,24.035,2.71222107472921
2016-06-28 08:00:00,2016-07-05 20:00:00,F2273,117.9,24.035,2.116179989738113
2016-06-29 08:00:00,2016-07-06 20:00:00,F2273,117.9,24.035,3.5086607482325536
2016-06-30 08:00:00,2016-07-07 20:00:00,F2273,117.9,24.035,1.9240470422123896
2016-07-01 08:00:00,2016-07-08 20:00:00,F2273,117.9,24.035,2.568173307465289
2016-07-02 08:00:00,2016-07-09 20:00:00,F2273,117.9,24.035,3.11394093214039
2016-07-04 08:00:00,2016-07-11 20:00:00,F2273,117.9,24.035,4.242052396211822
2016-07-05 08:00:00,2016-07-12 20:00:00,F2273,117.9,24.035,6.224959523850872
2016-07-06 08:00:00,2016-07-13 20:00:00,F2273,117.9,24.035,6.309290931093857
2016-07-07 08:00:00,2016-07-14 20:00:00,F2273,117.9,24.035,7.135463093349317
2016-07-08 08:00:00,2016-07-15 20:00:00,F2273,117.9,24.035,7.774172765898249
2016-07-09 08:00:00,2016-07-16 20:00:00,F2273,117.9,24.035,7.223856135791286
2016-07-10 08:00:00,2016-07-17 20:00:00,F2273,117.9,24.035,8.108169810817909
2016-07-11 08:00:00,2016-07-18 20:00:00,F2273,117.9,24.035,7.848414419900464
2016-07-12 08:00:00,2016-07-19 20:00:00,F2273,117.9,24.035,7.207792160960985
2016-07-13 08:00:00,2016-07-20 20:00:00,F2273,117.9,24.035,6.222565747714803
2016-07-14 08:00:00,2016-07-21 20:00:00,F2273,117.9,24.035,6.623231831469147
2016-07-15 08:00:00,2016-07-22 20:00:00,F2273,117.9,24.035,6.656469860146254
2016-07-16 08:00:00,2016-07-23 20:00:00,F2273,117.9,24.035,6.120880318884432
2016-07-17 08:00:00,2016-07-24 20:00:00,F2273,117.9,24.035,5.50899825762923
2016-07-18 08:00:00,2016-07-25 20:00:00,F2273,117.9,24.035,5.859171221143343
2016-07-19 08:00:00,2016-07-26 20:00:00,F2273,117.9,24.035,6.587815388923072
2016-07-20 08:00:00,2016-07-27 20:00:00,F2273,117.9,24.035,6.515285834905268
2016-07-21 08:00:00,2016-07-28 20:00:00,F2273,117.9,24.035,6.129376547024863
2016-07-22 08:00:00,2016-07-29 20:00:00,F2273,117.9,24.035,4.579797739749344
2016-07-23 08:00:00,2016-07-30 20:00:00,F2273,117.9,24.035,4.042013100014725
2016-07-24 08:00:00,2016-07-31 20:00:00,F2273,117.9,24.035,4.370792144736684
2016-07-25 08:00:00,2016-08-01 20:00:00,F2273,117.9,24.035,8.564702839402386
2016-07-26 08:00:00,2016-08-02 20:00:00,F2273,117.9,24.035,2.653561186469371
2016-07-27 08:00:00,2016-08-03 20:00:00,F2273,117.9,24.035,2.075495021732193
2016-07-28 08:00:00,2016-08-04 20:00:00,F2273,117.9,24.035,3.1304765864420445
2016-07-29 08:00:00,2016-08-05 20:00:00,F2273,117.9,24.035,4.0371224110576645
2016-07-30 08:00:00,2016-08-06 20:00:00,F2273,117.9,24.035,1.451091756004134
2016-07-31 08:00:00,2016-08-07 20:00:00,F2273,117.9,24.035,6.2269082723718725
2016-08-01 08:00:00,2016-08-08 20:00:00,F2273,117.9,24.035,2.6321793986755773
2016-08-02 08:00:00,2016-08-09 20:00:00,F2273,117.9,24.035,2.2613919920309122
2016-08-03 08:00:00,2016-08-10 20:00:00,F2273,117.9,24.035,1.180207013955334
2016-08-04 08:00:00,2016-08-11 20:00:00,F2273,117.9,24.035,2.8364463648961427
2016-08-05 08:00:00,2016-08-12 20:00:00,F2273,117.9,24.035,2.2948198122757133
2016-08-06 08:00:00,2016-08-13 20:00:00,F2273,117.9,24.035,4.300414951821374
2016-08-07 08:00:00,2016-08-14 20:00:00,F2273,117.9,24.035,4.251513056392441
2016-08-08 08:00:00,2016-08-15 20:00:00,F2273,117.9,24.035,10.959007118243328
2016-08-09 08:00:00,2016-08-16 20:00:00,F2273,117.9,24.035,5.844949284990688
2016-08-10 08:00:00,2016-08-17 20:00:00,F2273,117.9,24.035,8.135899890084687
2016-08-11 08:00:00,2016-08-18 20:00:00,F2273,117.9,24.035,0.9019622899470832
2016-08-12 08:00:00,2016-08-19 20:00:00,F2273,117.9,24.035,2.509286489611488
2016-08-13 08:00:00,2016-08-20 20:00:00,F2273,117.9,24.035,6.540727799110645
2016-08-14 08:00:00,2016-08-21 20:00:00,F2273,117.9,24.035,2.6310416117631164
2016-08-15 08:00:00,2016-08-22 20:00:00,F2273,117.9,24.035,2.1846729422624707
2016-08-16 08:00:00,2016-08-23 20:00:00,F2273,117.9,24.035,4.953762867648156
2016-08-17 08:00:00,2016-08-24 20:00:00,F2273,117.9,24.035,2.3119673277824506
2016-08-18 08:00:00,2016-08-25 20:00:00,F2273,117.9,24.035,4.080483016053857
2016-08-19 08:00:00,2016-08-26 20:00:00,F2273,117.9,24.035,1.5953173250968495
2016-08-20 08:00:00,2016-08-27 20:00:00,F2273,117.9,24.035,2.3268232572678014
2016-08-21 08:00:00,2016-08-28 20:00:00,F2273,117.9,24.035,3.752754649411069
2016-08-22 08:00:00,2016-08-29 20:00:00,F2273,117.9,24.035,1.9048607351165256
2016-08-23 08:00:00,2016-08-30 20:00:00,F2273,117.9,24.035,3.341862659239157
2016-08-24 08:00:00,2016-08-31 20:00:00,F2273,117.9,24.035,3.620086933125041
2016-08-26 08:00:00,2016-09-02 20:00:00,F2273,117.9,24.035,4.7826751989408285
2016-08-27 08:00:00,2016-09-03 20:00:00,F2273,117.9,24.035,3.7475795984521305
2016-08-28 08:00:00,2016-09-04 20:00:00,F2273,117.9,24.035,4.506116509847509
2016-08-29 08:00:00,2016-09-05 20:00:00,F2273,117.9,24.035,1.9120663571292231
2016-08-30 08:00:00,2016-09-06 20:00:00,F2273,117.9,24.035,4.945313578437512
2016-08-31 08:00:00,2016-09-07 20:00:00,F2273,117.9,24.035,2.1731736689552097
2016-09-01 08:00:00,2016-09-08 20:00:00,F2273,117.9,24.035,4.284349475600603
2016-09-02 08:00:00,2016-09-09 20:00:00,F2273,117.9,24.035,6.5179528452923154
2016-09-03 08:00:00,2016-09-10 20:00:00,F2273,117.9,24.035,6.451546035906075
2016-09-04 08:00:00,2016-09-11 20:00:00,F2273,117.9,24.035,6.6117182687010025
2016-09-05 08:00:00,2016-09-12 20:00:00,F2273,117.9,24.035,5.97885365921145
2016-09-06 08:00:00,2016-09-13 20:00:00,F2273,117.9,24.035,5.471675650808141
2016-09-07 08:00:00,2016-09-14 20:00:00,F2273,117.9,24.035,2.805842552331337
2016-09-08 08:00:00,2016-09-15 20:00:00,F2273,117.9,24.035,2.643553885285269
2016-09-09 08:00:00,2016-09-16 20:00:00,F2273,117.9,24.035,4.395721756944068
2016-09-10 08:00:00,2016-09-17 20:00:00,F2273,117.9,24.035,6.569858487447598
2016-09-11 08:00:00,2016-09-18 20:00:00,F2273,117.9,24.035,3.333568834717878
2016-09-12 08:00:00,2016-09-19 20:00:00,F2273,117.9,24.035,5.005640362116722
2016-09-13 08:00:00,2016-09-20 20:00:00,F2273,117.9,24.035,7.26855821716033
2016-09-14 08:00:00,2016-09-21 20:00:00,F2273,117.9,24.035,5.510479738309242
2016-09-15 08:00:00,2016-09-22 20:00:00,F2273,117.9,24.035,6.26103784429482
2016-09-16 08:00:00,2016-09-23 20:00:00,F2273,117.9,24.035,7.495085423149643
2016-09-17 08:00:00,2016-09-24 20:00:00,F2273,117.9,24.035,5.233919566863264
2016-09-18 08:00:00,2016-09-25 20:00:00,F2273,117.9,24.035,5.334703330814529
2016-09-19 08:00:00,2016-09-26 20:00:00,F2273,117.9,24.035,5.846386499462652
2016-09-20 08:00:00,2016-09-27 20:00:00,F2273,117.9,24.035,10.379774819603176
2016-09-21 08:00:00,2016-09-28 20:00:00,F2273,117.9,24.035,4.503132354268528
2016-09-22 08:00:00,2016-09-29 20:00:00,F2273,117.9,24.035,6.474126600276909
2016-09-23 08:00:00,2016-09-30 20:00:00,F2273,117.9,24.035,5.78778289617134
2016-09-24 08:00:00,2016-10-01 20:00:00,F2273,117.9,24.035,5.038963069558635
2016-09-25 08:00:00,2016-10-02 20:00:00,F2273,117.9,24.035,6.410888359597418
2016-09-26 08:00:00,2016-10-03 20:00:00,F2273,117.9,24.035,4.440141121838673
2016-09-27 08:00:00,2016-10-04 20:00:00,F2273,117.9,24.035,4.25616922728645
2016-09-28 08:00:00,2016-10-05 20:00:00,F2273,117.9,24.035,7.635782274766912
2016-09-29 08:00:00,2016-10-06 20:00:00,F2273,117.9,24.035,8.113332999495329
2016-09-30 08:00:00,2016-10-07 20:00:00,F2273,117.9,24.035,8.625767585446386
2016-10-01 08:00:00,2016-10-08 20:00:00,F2273,117.9,24.035,6.309229388705615
2016-10-02 08:00:00,2016-10-09 20:00:00,F2273,117.9,24.035,10.283071647230454
2016-10-03 08:00:00,2016-10-10 20:00:00,F2273,117.9,24.035,10.035052802810158
2016-10-04 08:00:00,2016-10-11 20:00:00,F2273,117.9,24.035,10.115722354265635
2016-10-05 08:00:00,2016-10-12 20:00:00,F2273,117.9,24.035,13.078073188231919
2016-10-06 08:00:00,2016-10-13 20:00:00,F2273,117.9,24.035,8.121715687038725
2016-10-07 08:00:00,2016-10-14 20:00:00,F2273,117.9,24.035,9.775807790184256
2016-10-08 08:00:00,2016-10-15 20:00:00,F2273,117.9,24.035,6.361124255675723
2016-10-09 08:00:00,2016-10-16 20:00:00,F2273,117.9,24.035,6.894497270173449
2016-10-10 08:00:00,2016-10-17 20:00:00,F2273,117.9,24.035,8.792726516627598
2016-10-11 08:00:00,2016-10-18 20:00:00,F2273,117.9,24.035,8.897342843652881
2016-10-12 08:00:00,2016-10-19 20:00:00,F2273,117.9,24.035,8.131913205233962
2016-10-13 08:00:00,2016-10-20 20:00:00,F2273,117.9,24.035,8.258514097399049
2016-10-14 08:00:00,2016-10-21 20:00:00,F2273,117.9,24.035,10.449189565248787
2016-10-15 08:00:00,2016-10-22 20:00:00,F2273,117.9,24.035,6.313744570564978
2016-10-16 08:00:00,2016-10-23 20:00:00,F2273,117.9,24.035,3.1006715738553603
2016-10-17 08:00:00,2016-10-24 20:00:00,F2273,117.9,24.035,6.154034650160368
2016-10-18 08:00:00,2016-10-25 20:00:00,F2273,117.9,24.035,6.024909235571389
2016-10-19 08:00:00,2016-10-26 20:00:00,F2273,117.9,24.035,5.46231736586838
2016-10-21 08:00:00,2016-10-28 20:00:00,F2273,117.9,24.035,4.250845099014291
2016-10-22 08:00:00,2016-10-29 20:00:00,F2273,117.9,24.035,7.251317057995008
2016-10-23 08:00:00,2016-10-30 20:00:00,F2273,117.9,24.035,8.945766761157168
2016-10-24 08:00:00,2016-10-31 20:00:00,F2273,117.9,24.035,9.054857306294183
2016-10-25 08:00:00,2016-11-01 20:00:00,F2273,117.9,24.035,10.111842313764974
2016-10-26 08:00:00,2016-11-02 20:00:00,F2273,117.9,24.035,11.103140864186775
2016-10-27 08:00:00,2016-11-03 20:00:00,F2273,117.9,24.035,9.896466373820854
2016-10-28 08:00:00,2016-11-04 20:00:00,F2273,117.9,24.035,7.522070463241983
2016-10-29 08:00:00,2016-11-05 20:00:00,F2273,117.9,24.035,8.136697182994126
2016-10-30 08:00:00,2016-11-06 20:00:00,F2273,117.9,24.035,8.024919338221503
2016-10-31 08:00:00,2016-11-07 20:00:00,F2273,117.9,24.035,3.360723409612804
2016-11-01 08:00:00,2016-11-08 20:00:00,F2273,117.9,24.035,12.379381118405403
2016-11-02 08:00:00,2016-11-09 20:00:00,F2273,117.9,24.035,9.475178600877603
2016-11-03 08:00:00,2016-11-10 20:00:00,F2273,117.9,24.035,8.31737160206075
2016-11-04 08:00:00,2016-11-11 20:00:00,F2273,117.9,24.035,4.27427048402826
2016-11-05 08:00:00,2016-11-12 20:00:00,F2273,117.9,24.035,5.1764647305931915
2016-11-06 08:00:00,2016-11-13 20:00:00,F2273,117.9,24.035,6.0861540770258085
2016-11-07 08:00:00,2016-11-14 20:00:00,F2273,117.9,24.035,5.745048504105619
2016-11-08 08:00:00,2016-11-15 20:00:00,F2273,117.9,24.035,4.041239382171255
2016-11-09 08:00:00,2016-11-16 20:00:00,F2273,117.9,24.035,5.0014160338489
2016-11-10 08:00:00,2016-11-17 20:00:00,F2273,117.9,24.035,6.9375003294084685
2016-11-11 08:00:00,2016-11-18 20:00:00,F2273,117.9,24.035,5.447832144377512
2016-11-12 08:00:00,2016-11-19 20:00:00,F2273,117.9,24.035,4.495756099251057
2016-11-13 08:00:00,2016-11-20 20:00:00,F2273,117.9,24.035,5.7863133931264175
2016-11-14 08:00:00,2016-11-21 20:00:00,F2273,117.9,24.035,9.533881843509102
2016-11-15 08:00:00,2016-11-22 20:00:00,F2273,117.9,24.035,11.059399223106947
2016-11-16 08:00:00,2016-11-23 20:00:00,F2273,117.9,24.035,12.600890376913535
2016-11-17 08:00:00,2016-11-24 20:00:00,F2273,117.9,24.035,10.057817539487212
2016-11-19 08:00:00,2016-11-26 20:00:00,F2273,117.9,24.035,5.6702474121012925
2016-11-20 08:00:00,2016-11-27 20:00:00,F2273,117.9,24.035,11.092069896390095
2016-11-21 08:00:00,2016-11-28 20:00:00,F2273,117.9,24.035,10.179880955560504
2016-11-22 08:00:00,2016-11-29 20:00:00,F2273,117.9,24.035,8.831857401229398
2016-11-23 08:00:00,2016-11-30 20:00:00,F2273,117.9,24.035,8.045828172758018
2016-11-24 08:00:00,2016-12-01 20:00:00,F2273,117.9,24.035,12.109026326428287
2016-11-25 08:00:00,2016-12-02 20:00:00,F2273,117.9,24.035,8.909646423527791
2016-11-26 08:00:00,2016-12-03 20:00:00,F2273,117.9,24.035,6.751474686690352
2016-11-27 08:00:00,2016-12-04 20:00:00,F2273,117.9,24.035,3.7210208726584
2016-11-28 08:00:00,2016-12-05 20:00:00,F2273,117.9,24.035,5.055609574047124
2016-11-29 08:00:00,2016-12-06 20:00:00,F2273,117.9,24.035,7.353321706858924
2016-11-30 08:00:00,2016-12-07 20:00:00,F2273,117.9,24.035,8.736924633538454
2016-12-01 08:00:00,2016-12-08 20:00:00,F2273,117.9,24.035,7.03631842889623
2016-12-02 08:00:00,2016-12-09 20:00:00,F2273,117.9,24.035,10.208832040524511
2016-12-03 08:00:00,2016-12-10 20:00:00,F2273,117.9,24.035,8.896228488086125
2016-12-04 08:00:00,2016-12-11 20:00:00,F2273,117.9,24.035,5.673267817291488
2016-12-05 08:00:00,2016-12-12 20:00:00,F2273,117.9,24.035,3.5137860956339297
2016-12-06 08:00:00,2016-12-13 20:00:00,F2273,117.9,24.035,5.664662159125445
2016-12-07 08:00:00,2016-12-14 20:00:00,F2273,117.9,24.035,10.853651989269324
2016-12-08 08:00:00,2016-12-15 20:00:00,F2273,117.9,24.035,6.032334815715191
2016-12-09 08:00:00,2016-12-16 20:00:00,F2273,117.9,24.035,9.549221712122392
2016-12-10 08:00:00,2016-12-17 20:00:00,F2273,117.9,24.035,6.2431999750175855
2016-12-11 08:00:00,2016-12-18 20:00:00,F2273,117.9,24.035,4.081397001609403
2016-12-12 08:00:00,2016-12-19 20:00:00,F2273,117.9,24.035,3.860751910748775
2016-12-13 08:00:00,2016-12-20 20:00:00,F2273,117.9,24.035,7.202003583764798
2016-12-14 08:00:00,2016-12-21 20:00:00,F2273,117.9,24.035,5.702166500090357
2016-12-15 08:00:00,2016-12-22 20:00:00,F2273,117.9,24.035,10.771007815881946
2016-12-16 08:00:00,2016-12-23 20:00:00,F2273,117.9,24.035,9.052620574765447
2016-12-17 08:00:00,2016-12-24 20:00:00,F2273,117.9,24.035,8.92402946853198
2016-12-18 08:00:00,2016-12-25 20:00:00,F2273,117.9,24.035,4.190718554247886
2016-12-19 08:00:00,2016-12-26 20:00:00,F2273,117.9,24.035,3.0781345103162336
2016-12-20 08:00:00,2016-12-27 20:00:00,F2273,117.9,24.035,13.939233573471165
2016-12-21 08:00:00,2016-12-28 20:00:00,F2273,117.9,24.035,10.598149170169336
2016-12-22 08:00:00,2016-12-29 20:00:00,F2273,117.9,24.035,13.374324655365696
2016-12-23 08:00:00,2016-12-30 20:00:00,F2273,117.9,24.035,9.461029870210993
2016-12-24 08:00:00,2016-12-31 20:00:00,F2273,117.9,24.035,8.274598698642464
2016-12-25 08:00:00,2017-01-01 20:00:00,F2273,117.9,24.035,5.0708069979576935
2016-12-26 08:00:00,2017-01-02 20:00:00,F2273,117.9,24.035,5.871482650748867
2016-12-27 08:00:00,2017-01-03 20:00:00,F2273,117.9,24.035,4.3874389365910496
2016-12-28 08:00:00,2017-01-04 20:00:00,F2273,117.9,24.035,2.9031054579802227
2016-12-29 08:00:00,2017-01-05 20:00:00,F2273,117.9,24.035,3.7590030368953835
2016-12-30 08:00:00,2017-01-06 20:00:00,F2273,117.9,24.035,3.7555211136181006
2016-12-31 08:00:00,2017-01-07 20:00:00,F2273,117.9,24.035,2.2171321807298683
2017-01-01 08:00:00,2017-01-08 20:00:00,F2273,117.9,24.035,9.386618925595222
2017-01-02 08:00:00,2017-01-09 20:00:00,F2273,117.9,24.035,9.601732583935103
2017-01-03 08:00:00,2017-01-10 20:00:00,F2273,117.9,24.035,10.147009817785897
2017-01-04 08:00:00,2017-01-11 20:00:00,F2273,117.9,24.035,11.846391663907974
2017-01-05 08:00:00,2017-01-12 20:00:00,F2273,117.9,24.035,6.003589276033776
2017-01-06 08:00:00,2017-01-13 20:00:00,F2273,117.9,24.035,10.031221996221634
2017-01-07 08:00:00,2017-01-14 20:00:00,F2273,117.9,24.035,12.348925815621286
2017-01-08 08:00:00,2017-01-15 20:00:00,F2273,117.9,24.035,11.068695143884652
2017-01-09 08:00:00,2017-01-16 20:00:00,F2273,117.9,24.035,9.429115605463764
2017-01-10 08:00:00,2017-01-17 20:00:00,F2273,117.9,24.035,10.024328621895236
2017-01-11 08:00:00,2017-01-18 20:00:00,F2273,117.9,24.035,7.674004696814432
2017-01-12 08:00:00,2017-01-19 20:00:00,F2273,117.9,24.035,6.470647682316246
2017-01-13 08:00:00,2017-01-20 20:00:00,F2273,117.9,24.035,10.80259722008457
2017-01-14 08:00:00,2017-01-21 20:00:00,F2273,117.9,24.035,6.855663725997647
2017-01-15 08:00:00,2017-01-22 20:00:00,F2273,117.9,24.035,8.412411342379434
2017-01-16 08:00:00,2017-01-23 20:00:00,F2273,117.9,24.035,11.70081375135666
2017-01-17 08:00:00,2017-01-24 20:00:00,F2273,117.9,24.035,7.7387664103530565
2017-01-18 08:00:00,2017-01-25 20:00:00,F2273,117.9,24.035,3.4796132047476696
2017-01-19 08:00:00,2017-01-26 20:00:00,F2273,117.9,24.035,7.488735676076652
2017-01-20 08:00:00,2017-01-27 20:00:00,F2273,117.9,24.035,11.789033422424804
2017-01-21 08:00:00,2017-01-28 20:00:00,F2273,117.9,24.035,6.237323040339232
2017-01-22 08:00:00,2017-01-29 20:00:00,F2273,117.9,24.035,2.406259034682916
2017-01-23 08:00:00,2017-01-30 20:00:00,F2273,117.9,24.035,11.233190569230239
2017-01-24 08:00:00,2017-01-31 20:00:00,F2273,117.9,24.035,7.245805926504258
2017-01-25 08:00:00,2017-02-01 20:00:00,F2273,117.9,24.035,10.05714273215604
2017-01-26 08:00:00,2017-02-02 20:00:00,F2273,117.9,24.035,10.183589312393966
2017-01-27 08:00:00,2017-02-03 20:00:00,F2273,117.9,24.035,5.104068427619054
2017-01-28 08:00:00,2017-02-04 20:00:00,F2273,117.9,24.035,2.9759358907709483
2017-01-29 08:00:00,2017-02-05 20:00:00,F2273,117.9,24.035,10.155861762207511
2017-01-30 08:00:00,2017-02-06 20:00:00,F2273,117.9,24.035,7.7548773898217505
2017-01-31 08:00:00,2017-02-07 20:00:00,F2273,117.9,24.035,3.4551098868009844
2017-02-01 08:00:00,2017-02-08 20:00:00,F2273,117.9,24.035,3.0041142389499127
2017-02-02 08:00:00,2017-02-09 20:00:00,F2273,117.9,24.035,10.351823745510542
2017-02-03 08:00:00,2017-02-10 20:00:00,F2273,117.9,24.035,9.632666459066256
2017-02-04 08:00:00,2017-02-11 20:00:00,F2273,117.9,24.035,9.414477199862654
2017-02-05 08:00:00,2017-02-12 20:00:00,F2273,117.9,24.035,9.932755489016202
2017-02-06 08:00:00,2017-02-13 20:00:00,F2273,117.9,24.035,8.916916608453231
2017-02-07 08:00:00,2017-02-14 20:00:00,F2273,117.9,24.035,7.9506593992756285
2017-02-08 08:00:00,2017-02-15 20:00:00,F2273,117.9,24.035,2.6555406237999404
2017-02-09 08:00:00,2017-02-16 20:00:00,F2273,117.9,24.035,2.853247504199143
2017-02-10 08:00:00,2017-02-17 20:00:00,F2273,117.9,24.035,2.352791052764062
2017-02-11 08:00:00,2017-02-18 20:00:00,F2273,117.9,24.035,8.716075082191733
2017-02-12 08:00:00,2017-02-19 20:00:00,F2273,117.9,24.035,2.960659555649523
2017-02-13 08:00:00,2017-02-20 20:00:00,F2273,117.9,24.035,11.953064760702865
2017-02-14 08:00:00,2017-02-21 20:00:00,F2273,117.9,24.035,9.96794664725846
2017-02-15 08:00:00,2017-02-22 20:00:00,F2273,117.9,24.035,1.7697848996266825
2017-02-16 08:00:00,2017-02-23 20:00:00,F2273,117.9,24.035,10.951279164103413
2017-02-17 08:00:00,2017-02-24 20:00:00,F2273,117.9,24.035,8.980619468746244
2017-02-18 08:00:00,2017-02-25 20:00:00,F2273,117.9,24.035,7.876223825179057
2017-02-19 08:00:00,2017-02-26 20:00:00,F2273,117.9,24.035,11.122455051982673
2017-02-20 08:00:00,2017-02-27 20:00:00,F2273,117.9,24.035,7.765242308660706
2017-02-21 08:00:00,2017-02-28 20:00:00,F2273,117.9,24.035,5.938140317481753
2017-02-22 08:00:00,2017-03-01 20:00:00,F2273,117.9,24.035,5.3607721895203095
2017-02-23 08:00:00,2017-03-02 20:00:00,F2273,117.9,24.035,8.62163742079837
2017-02-24 08:00:00,2017-03-03 20:00:00,F2273,117.9,24.035,7.2561895616980765
2017-02-25 08:00:00,2017-03-04 20:00:00,F2273,117.9,24.035,1.8402037295699645
2017-02-26 08:00:00,2017-03-05 20:00:00,F2273,117.9,24.035,6.715886363438799
2017-02-27 08:00:00,2017-03-06 20:00:00,F2273,117.9,24.035,8.398045678353848
2017-02-28 08:00:00,2017-03-07 20:00:00,F2273,117.9,24.035,7.672157708750047
2017-03-01 08:00:00,2017-03-08 20:00:00,F2273,117.9,24.035,4.889415147610273
2017-03-02 08:00:00,2017-03-09 20:00:00,F2273,117.9,24.035,4.265243773743244
2017-03-03 08:00:00,2017-03-10 20:00:00,F2273,117.9,24.035,7.280801948953293
2017-03-04 08:00:00,2017-03-11 20:00:00,F2273,117.9,24.035,2.3116983597831235
2017-03-05 08:00:00,2017-03-12 20:00:00,F2273,117.9,24.035,6.482686485465933
2017-03-06 08:00:00,2017-03-13 20:00:00,F2273,117.9,24.035,9.504102519980194
2017-03-07 08:00:00,2017-03-14 20:00:00,F2273,117.9,24.035,9.841874444304434
2017-03-08 08:00:00,2017-03-15 20:00:00,F2273,117.9,24.035,7.72111089156919
2017-03-09 08:00:00,2017-03-16 20:00:00,F2273,117.9,24.035,6.795846953589928
2017-03-10 08:00:00,2017-03-17 20:00:00,F2273,117.9,24.035,5.6205797379086375
2017-03-11 08:00:00,2017-03-18 20:00:00,F2273,117.9,24.035,7.992850893409172
2017-03-12 08:00:00,2017-03-19 20:00:00,F2273,117.9,24.035,8.501780272365398
2017-03-13 08:00:00,2017-03-20 20:00:00,F2273,117.9,24.035,3.9085374690837376
2017-03-14 08:00:00,2017-03-21 20:00:00,F2273,117.9,24.035,11.947938397396646
2017-03-15 08:00:00,2017-03-22 20:00:00,F2273,117.9,24.035,5.428909517473223
2017-03-16 08:00:00,2017-03-23 20:00:00,F2273,117.9,24.035,8.789581261395771
2017-03-17 08:00:00,2017-03-24 20:00:00,F2273,117.9,24.035,3.612707848571726
2017-03-18 08:00:00,2017-03-25 20:00:00,F2273,117.9,24.035,7.961923691584357
2017-03-19 08:00:00,2017-03-26 20:00:00,F2273,117.9,24.035,5.964255494817919
2017-03-20 08:00:00,2017-03-27 20:00:00,F2273,117.9,24.035,6.627188083997492
2017-03-21 08:00:00,2017-03-28 20:00:00,F2273,117.9,24.035,3.5449933313335436
2017-03-22 08:00:00,2017-03-29 20:00:00,F2273,117.9,24.035,2.1648946704143497
2017-03-23 08:00:00,2017-03-30 20:00:00,F2273,117.9,24.035,10.860226821727753
2017-03-24 08:00:00,2017-03-31 20:00:00,F2273,117.9,24.035,8.274109772262857
2017-03-25 08:00:00,2017-04-01 20:00:00,F2273,117.9,24.035,7.327009070849058
2017-03-26 08:00:00,2017-04-02 20:00:00,F2273,117.9,24.035,3.8364930650771134
2017-03-27 08:00:00,2017-04-03 20:00:00,F2273,117.9,24.035,4.02237462961437
2017-03-28 08:00:00,2017-04-04 20:00:00,F2273,117.9,24.035,3.67611273696806
2017-03-29 08:00:00,2017-04-05 20:00:00,F2273,117.9,24.035,1.9573533832797605
2017-03-30 08:00:00,2017-04-06 20:00:00,F2273,117.9,24.035,1.8238119380571969
2017-03-31 08:00:00,2017-04-07 20:00:00,F2273,117.9,24.035,4.190073723910204
2017-04-01 08:00:00,2017-04-08 20:00:00,F2273,117.9,24.035,4.855802134212804
2017-04-02 08:00:00,2017-04-09 20:00:00,F2273,117.9,24.035,8.980107837939793
2017-04-03 08:00:00,2017-04-10 20:00:00,F2273,117.9,24.035,6.949475929103218
2017-04-04 08:00:00,2017-04-11 20:00:00,F2273,117.9,24.035,4.660398525769459
2017-04-05 08:00:00,2017-04-12 20:00:00,F2273,117.9,24.035,3.5029725228865467
2017-04-06 08:00:00,2017-04-13 20:00:00,F2273,117.9,24.035,7.901010036051165
2017-04-07 08:00:00,2017-04-14 20:00:00,F2273,117.9,24.035,1.9944281221912048
2017-04-08 08:00:00,2017-04-15 20:00:00,F2273,117.9,24.035,6.066724270678008
2017-04-09 08:00:00,2017-04-16 20:00:00,F2273,117.9,24.035,5.475925695893851
2017-04-10 08:00:00,2017-04-17 20:00:00,F2273,117.9,24.035,4.218596291949663
2017-04-11 08:00:00,2017-04-18 20:00:00,F2273,117.9,24.035,2.834341937011196
2017-04-12 08:00:00,2017-04-19 20:00:00,F2273,117.9,24.035,1.8493751569087835
2017-04-13 08:00:00,2017-04-20 20:00:00,F2273,117.9,24.035,8.234883957720255
2017-04-14 08:00:00,2017-04-21 20:00:00,F2273,117.9,24.035,5.682646491526
2017-04-15 08:00:00,2017-04-22 20:00:00,F2273,117.9,24.035,2.3956909229084458
2017-04-16 08:00:00,2017-04-23 20:00:00,F2273,117.9,24.035,4.6749283317564245
2017-04-17 08:00:00,2017-04-24 20:00:00,F2273,117.9,24.035,2.4867147984755285
2017-04-18 08:00:00,2017-04-25 20:00:00,F2273,117.9,24.035,8.426369721359563
2017-04-19 08:00:00,2017-04-26 20:00:00,F2273,117.9,24.035,8.953382953159604
2017-04-20 08:00:00,2017-04-27 20:00:00,F2273,117.9,24.035,9.444362771665501
2017-05-01 08:00:00,2017-05-08 20:00:00,F2273,117.9,24.035,3.8898639239158683
2017-05-08 08:00:00,2017-05-15 20:00:00,F2273,117.9,24.035,3.6218247077857058
2017-05-09 08:00:00,2017-05-16 20:00:00,F2273,117.9,24.035,4.0719995007482925
2017-05-10 08:00:00,2017-05-17 20:00:00,F2273,117.9,24.035,5.7874989309043325
2017-05-11 08:00:00,2017-05-18 20:00:00,F2273,117.9,24.035,3.201625668314031
2017-05-12 08:00:00,2017-05-19 20:00:00,F2273,117.9,24.035,6.713533555390472
2017-05-13 08:00:00,2017-05-20 20:00:00,F2273,117.9,24.035,7.2822141379434475
2017-05-14 08:00:00,2017-05-21 20:00:00,F2273,117.9,24.035,6.502761873344671
2017-05-15 08:00:00,2017-05-22 20:00:00,F2273,117.9,24.035,6.210127766600259
2017-05-16 08:00:00,2017-05-23 20:00:00,F2273,117.9,24.035,3.401968790440702
2017-05-17 08:00:00,2017-05-24 20:00:00,F2273,117.9,24.035,9.40173987598369
2017-05-18 08:00:00,2017-05-25 20:00:00,F2273,117.9,24.035,4.306475137141433
2017-05-19 08:00:00,2017-05-26 20:00:00,F2273,117.9,24.035,2.7518604891592444
2017-05-20 08:00:00,2017-05-27 20:00:00,F2273,117.9,24.035,6.626613513305259
2017-05-21 08:00:00,2017-05-28 20:00:00,F2273,117.9,24.035,5.952651833949102
2017-05-22 08:00:00,2017-05-29 20:00:00,F2273,117.9,24.035,4.551868763553258
2017-05-23 08:00:00,2017-05-30 20:00:00,F2273,117.9,24.035,2.68670581117844
2017-05-24 08:00:00,2017-05-31 20:00:00,F2273,117.9,24.035,7.092557419586055
2017-05-25 08:00:00,2017-06-01 20:00:00,F2273,117.9,24.035,8.019221083554685
2017-05-26 08:00:00,2017-06-02 20:00:00,F2273,117.9,24.035,5.254700771932053
2017-05-27 08:00:00,2017-06-03 20:00:00,F2273,117.9,24.035,7.171134074695708
2017-05-28 08:00:00,2017-06-04 20:00:00,F2273,117.9,24.035,3.0052402790946875
2017-05-29 08:00:00,2017-06-05 20:00:00,F2273,117.9,24.035,2.148313773286353
2017-05-30 08:00:00,2017-06-06 20:00:00,F2273,117.9,24.035,5.903589448076649
2017-05-31 08:00:00,2017-06-07 20:00:00,F2273,117.9,24.035,3.4182307421100724
2017-06-01 08:00:00,2017-06-08 20:00:00,F2273,117.9,24.035,3.717407015229704
2017-06-02 08:00:00,2017-06-09 20:00:00,F2273,117.9,24.035,6.401830712697167
2017-06-03 08:00:00,2017-06-10 20:00:00,F2273,117.9,24.035,7.837007412314263
2017-06-04 08:00:00,2017-06-11 20:00:00,F2273,117.9,24.035,6.039545851111589
2017-06-05 08:00:00,2017-06-12 20:00:00,F2273,117.9,24.035,7.2868858119252895
2017-06-06 08:00:00,2017-06-13 20:00:00,F2273,117.9,24.035,5.7275518228276185
2017-06-07 08:00:00,2017-06-14 20:00:00,F2273,117.9,24.035,7.457602315719901
2017-06-08 08:00:00,2017-06-15 20:00:00,F2273,117.9,24.035,4.479833467159665
2017-06-09 08:00:00,2017-06-16 20:00:00,F2273,117.9,24.035,7.017665310769953
2017-06-10 08:00:00,2017-06-17 20:00:00,F2273,117.9,24.035,7.490531753049983
2017-06-11 08:00:00,2017-06-18 20:00:00,F2273,117.9,24.035,8.409447718897804
2017-06-12 08:00:00,2017-06-19 20:00:00,F2273,117.9,24.035,6.9402250974879225
2017-06-13 08:00:00,2017-06-20 20:00:00,F2273,117.9,24.035,5.429235491593568
2017-06-14 08:00:00,2017-06-21 20:00:00,F2273,117.9,24.035,7.077048395028387
2017-06-15 08:00:00,2017-06-22 20:00:00,F2273,117.9,24.035,8.041580215075767
2017-06-16 08:00:00,2017-06-23 20:00:00,F2273,117.9,24.035,7.040764882023237
2017-06-17 08:00:00,2017-06-24 20:00:00,F2273,117.9,24.035,8.070414632039817
2017-06-18 08:00:00,2017-06-25 20:00:00,F2273,117.9,24.035,8.736122735684678
2017-06-19 08:00:00,2017-06-26 20:00:00,F2273,117.9,24.035,7.007822920497277
2017-06-20 08:00:00,2017-06-27 20:00:00,F2273,117.9,24.035,6.234281917235383
2017-06-21 08:00:00,2017-06-28 20:00:00,F2273,117.9,24.035,4.451236869390224
2017-06-22 08:00:00,2017-06-29 20:00:00,F2273,117.9,24.035,4.93936318205387
2017-06-23 08:00:00,2017-06-30 20:00:00,F2273,117.9,24.035,3.238392235227391
2017-06-24 08:00:00,2017-07-01 20:00:00,F2273,117.9,24.035,3.5455246138679675
2017-06-25 08:00:00,2017-07-02 20:00:00,F2273,117.9,24.035,2.1845620406312043
2017-06-26 08:00:00,2017-07-03 20:00:00,F2273,117.9,24.035,1.9690947759370616
2017-06-27 08:00:00,2017-07-04 20:00:00,F2273,117.9,24.035,3.7464238735924416
2017-06-28 08:00:00,2017-07-05 20:00:00,F2273,117.9,24.035,4.567188466453368
2017-06-29 08:00:00,2017-07-06 20:00:00,F2273,117.9,24.035,2.1213966263508253
2017-06-30 08:00:00,2017-07-07 20:00:00,F2273,117.9,24.035,4.34513282343143
2017-07-01 08:00:00,2017-07-08 20:00:00,F2273,117.9,24.035,4.662176918105441
2017-07-02 08:00:00,2017-07-09 20:00:00,F2273,117.9,24.035,3.39029625411944
2017-07-03 08:00:00,2017-07-10 20:00:00,F2273,117.9,24.035,2.954577891245545
2017-07-04 08:00:00,2017-07-11 20:00:00,F2273,117.9,24.035,3.041316785755754
2017-07-05 08:00:00,2017-07-12 20:00:00,F2273,117.9,24.035,2.570788477862344
2017-07-06 08:00:00,2017-07-13 20:00:00,F2273,117.9,24.035,2.9203700032482955
2017-07-07 08:00:00,2017-07-14 20:00:00,F2273,117.9,24.035,1.9270846922032143
2017-07-08 08:00:00,2017-07-15 20:00:00,F2273,117.9,24.035,3.504631357484996
2017-07-09 08:00:00,2017-07-16 20:00:00,F2273,117.9,24.035,10.14628006364579
2017-07-10 08:00:00,2017-07-17 20:00:00,F2273,117.9,24.035,6.272395802334403
2017-07-11 08:00:00,2017-07-18 20:00:00,F2273,117.9,24.035,3.8828786443774335
2017-07-12 08:00:00,2017-07-19 20:00:00,F2273,117.9,24.035,2.7153045571067405
2017-07-13 08:00:00,2017-07-20 20:00:00,F2273,117.9,24.035,3.5148571762368386
2017-07-14 08:00:00,2017-07-21 20:00:00,F2273,117.9,24.035,3.266607237517701
2017-07-15 08:00:00,2017-07-22 20:00:00,F2273,117.9,24.035,2.269252728515427
2017-07-16 08:00:00,2017-07-23 20:00:00,F2273,117.9,24.035,4.194779984374076
2017-07-17 08:00:00,2017-07-24 20:00:00,F2273,117.9,24.035,3.576633066873463
2017-07-18 08:00:00,2017-07-25 20:00:00,F2273,117.9,24.035,3.956411687932166
2017-07-19 08:00:00,2017-07-26 20:00:00,F2273,117.9,24.035,1.7071804930967265
2017-07-20 08:00:00,2017-07-27 20:00:00,F2273,117.9,24.035,3.8041229551362097
2017-07-21 08:00:00,2017-07-28 20:00:00,F2273,117.9,24.035,1.7697102810266276
2017-07-22 08:00:00,2017-07-29 20:00:00,F2273,117.9,24.035,4.629799251469044
2017-07-23 08:00:00,2017-07-30 20:00:00,F2273,117.9,24.035,2.8789418050881337
2017-07-24 08:00:00,2017-07-31 20:00:00,F2273,117.9,24.035,1.2374936462897417
2017-07-25 08:00:00,2017-08-01 20:00:00,F2273,117.9,24.035,0.9353097633624512
2017-07-26 08:00:00,2017-08-02 20:00:00,F2273,117.9,24.035,2.4668962050651944
2017-07-27 08:00:00,2017-08-03 20:00:00,F2273,117.9,24.035,5.539107028041638
2017-07-28 08:00:00,2017-08-04 20:00:00,F2273,117.9,24.035,7.148653373680745
2017-07-29 08:00:00,2017-08-05 20:00:00,F2273,117.9,24.035,5.816594435179415
2017-07-30 08:00:00,2017-08-06 20:00:00,F2273,117.9,24.035,7.145898560035311
2017-07-31 08:00:00,2017-08-07 20:00:00,F2273,117.9,24.035,7.6748828674952385
2017-08-01 08:00:00,2017-08-08 20:00:00,F2273,117.9,24.035,7.020315123195298
2017-08-02 08:00:00,2017-08-09 20:00:00,F2273,117.9,24.035,8.63006820833718
2017-08-03 08:00:00,2017-08-10 20:00:00,F2273,117.9,24.035,5.783780888632961
2017-08-04 08:00:00,2017-08-11 20:00:00,F2273,117.9,24.035,4.887213995872055
2017-08-05 08:00:00,2017-08-12 20:00:00,F2273,117.9,24.035,5.4899538499147855
2017-08-06 08:00:00,2017-08-13 20:00:00,F2273,117.9,24.035,6.600394546664015
2017-08-07 08:00:00,2017-08-14 20:00:00,F2273,117.9,24.035,5.663880602131338
2017-08-08 08:00:00,2017-08-15 20:00:00,F2273,117.9,24.035,5.973601879177673
2017-08-09 08:00:00,2017-08-16 20:00:00,F2273,117.9,24.035,5.14433068478187
2017-08-10 08:00:00,2017-08-17 20:00:00,F2273,117.9,24.035,5.147780541318531
2017-08-11 08:00:00,2017-08-18 20:00:00,F2273,117.9,24.035,4.308166827799736
2017-08-12 08:00:00,2017-08-19 20:00:00,F2273,117.9,24.035,5.679470159070123
2017-08-13 08:00:00,2017-08-20 20:00:00,F2273,117.9,24.035,4.71398522951304
2017-08-14 08:00:00,2017-08-21 20:00:00,F2273,117.9,24.035,2.768309302054944
2017-08-15 08:00:00,2017-08-22 20:00:00,F2273,117.9,24.035,1.902650397210487
2017-08-16 08:00:00,2017-08-23 20:00:00,F2273,117.9,24.035,3.8273793177859465
2017-08-17 08:00:00,2017-08-24 20:00:00,F2273,117.9,24.035,1.4721735874733617
2017-08-18 08:00:00,2017-08-25 20:00:00,F2273,117.9,24.035,10.057466047513902
2017-08-19 08:00:00,2017-08-26 20:00:00,F2273,117.9,24.035,7.783514858436193
2017-08-20 08:00:00,2017-08-27 20:00:00,F2273,117.9,24.035,4.296066706473052
2017-08-21 08:00:00,2017-08-28 20:00:00,F2273,117.9,24.035,2.3370657927681244
2017-08-22 08:00:00,2017-08-29 20:00:00,F2273,117.9,24.035,6.940226139163765
2017-08-23 08:00:00,2017-08-30 20:00:00,F2273,117.9,24.035,1.5896038738199931
2017-08-24 08:00:00,2017-08-31 20:00:00,F2273,117.9,24.035,1.6941249788963808
2017-08-25 08:00:00,2017-09-01 20:00:00,F2273,117.9,24.035,6.00216616772161
2017-08-26 08:00:00,2017-09-02 20:00:00,F2273,117.9,24.035,3.1377689909743247
2017-08-27 08:00:00,2017-09-03 20:00:00,F2273,117.9,24.035,5.651319842269897
2017-08-28 08:00:00,2017-09-04 20:00:00,F2273,117.9,24.035,3.2194062842260096
2017-08-29 08:00:00,2017-09-05 20:00:00,F2273,117.9,24.035,4.107846058682699
2017-08-30 08:00:00,2017-09-06 20:00:00,F2273,117.9,24.035,5.665559383167699
2017-08-31 08:00:00,2017-09-07 20:00:00,F2273,117.9,24.035,3.8027931607059413
2017-09-01 08:00:00,2017-09-08 20:00:00,F2273,117.9,24.035,4.067307978415593
2017-09-02 08:00:00,2017-09-09 20:00:00,F2273,117.9,24.035,1.770687160479314
2017-09-03 08:00:00,2017-09-10 20:00:00,F2273,117.9,24.035,3.4996789007168623
2017-09-04 08:00:00,2017-09-11 20:00:00,F2273,117.9,24.035,2.447988836007811
2017-09-05 08:00:00,2017-09-12 20:00:00,F2273,117.9,24.035,5.014230034430138
2017-09-06 08:00:00,2017-09-13 20:00:00,F2273,117.9,24.035,5.454676640440176
2017-09-07 08:00:00,2017-09-14 20:00:00,F2273,117.9,24.035,9.33114856059969
2017-09-08 08:00:00,2017-09-15 20:00:00,F2273,117.9,24.035,14.413259125043616
2017-09-10 08:00:00,2017-09-17 20:00:00,F2273,117.9,24.035,2.1341927676755974
2017-09-11 08:00:00,2017-09-18 20:00:00,F2273,117.9,24.035,1.4885044233601368
2017-09-12 08:00:00,2017-09-19 20:00:00,F2273,117.9,24.035,4.362296834149077
2017-09-13 08:00:00,2017-09-20 20:00:00,F2273,117.9,24.035,2.2804929210568194
2017-09-14 08:00:00,2017-09-21 20:00:00,F2273,117.9,24.035,2.209193935866639
2017-09-15 08:00:00,2017-09-22 20:00:00,F2273,117.9,24.035,5.301763869764388
2017-09-16 08:00:00,2017-09-23 20:00:00,F2273,117.9,24.035,0.8392006426896471
2017-09-17 08:00:00,2017-09-24 20:00:00,F2273,117.9,24.035,0.879652829247364
2017-09-18 08:00:00,2017-09-25 20:00:00,F2273,117.9,24.035,5.031967422681409
2017-09-19 08:00:00,2017-09-26 20:00:00,F2273,117.9,24.035,5.398306353654034
2017-09-20 08:00:00,2017-09-27 20:00:00,F2273,117.9,24.035,3.222688054998415
2017-09-21 08:00:00,2017-09-28 20:00:00,F2273,117.9,24.035,7.829801508363753
2017-09-22 08:00:00,2017-09-29 20:00:00,F2273,117.9,24.035,5.584544972365827
2017-09-23 08:00:00,2017-09-30 20:00:00,F2273,117.9,24.035,9.027140809754963
2017-09-24 08:00:00,2017-10-01 20:00:00,F2273,117.9,24.035,6.9559571341259385
2017-09-25 08:00:00,2017-10-02 20:00:00,F2273,117.9,24.035,4.864526793887434
2017-09-26 08:00:00,2017-10-03 20:00:00,F2273,117.9,24.035,11.274008869267387
2017-09-27 08:00:00,2017-10-04 20:00:00,F2273,117.9,24.035,6.804681153338982
2017-09-28 08:00:00,2017-10-05 20:00:00,F2273,117.9,24.035,7.304067545666117
2017-09-29 08:00:00,2017-10-06 20:00:00,F2273,117.9,24.035,9.563781463814696
2017-09-30 08:00:00,2017-10-07 20:00:00,F2273,117.9,24.035,9.109345472464426
2017-10-01 08:00:00,2017-10-08 20:00:00,F2273,117.9,24.035,7.343806781451608
2017-10-02 08:00:00,2017-10-09 20:00:00,F2273,117.9,24.035,4.9719065815234735
2017-10-03 08:00:00,2017-10-10 20:00:00,F2273,117.9,24.035,7.616915260315268
2017-10-04 08:00:00,2017-10-11 20:00:00,F2273,117.9,24.035,9.524249388968283
2017-10-05 08:00:00,2017-10-12 20:00:00,F2273,117.9,24.035,7.591740968167111
2017-10-06 08:00:00,2017-10-13 20:00:00,F2273,117.9,24.035,11.632152408746107
2017-10-07 08:00:00,2017-10-14 20:00:00,F2273,117.9,24.035,8.902973204703635
2017-10-08 08:00:00,2017-10-15 20:00:00,F2273,117.9,24.035,8.181766470423621
2017-10-09 08:00:00,2017-10-16 20:00:00,F2273,117.9,24.035,12.59671246047105
2017-10-10 08:00:00,2017-10-17 20:00:00,F2273,117.9,24.035,9.796998675353775
2017-10-11 08:00:00,2017-10-18 20:00:00,F2273,117.9,24.035,8.19381567186422
2017-10-12 08:00:00,2017-10-19 20:00:00,F2273,117.9,24.035,8.930648401077754
2017-10-13 08:00:00,2017-10-20 20:00:00,F2273,117.9,24.035,10.13341509749807
2017-10-14 08:00:00,2017-10-21 20:00:00,F2273,117.9,24.035,9.603911250989697
2017-10-15 08:00:00,2017-10-22 20:00:00,F2273,117.9,24.035,5.146159357036057
2017-10-16 08:00:00,2017-10-23 20:00:00,F2273,117.9,24.035,7.641435398704811
2017-10-17 08:00:00,2017-10-24 20:00:00,F2273,117.9,24.035,10.128854641853694
2017-10-18 08:00:00,2017-10-25 20:00:00,F2273,117.9,24.035,8.849834843849278
2017-10-19 08:00:00,2017-10-26 20:00:00,F2273,117.9,24.035,9.241065407559473
2017-10-20 08:00:00,2017-10-27 20:00:00,F2273,117.9,24.035,8.392085243920446
2017-10-21 08:00:00,2017-10-28 20:00:00,F2273,117.9,24.035,7.992936166013532
2017-10-22 08:00:00,2017-10-29 20:00:00,F2273,117.9,24.035,12.163039766848572
2017-10-23 08:00:00,2017-10-30 20:00:00,F2273,117.9,24.035,12.293882169938335
2017-10-24 08:00:00,2017-10-31 20:00:00,F2273,117.9,24.035,8.182817763776091
2017-10-25 08:00:00,2017-11-01 20:00:00,F2273,117.9,24.035,6.339347705781949
2017-10-26 08:00:00,2017-11-02 20:00:00,F2273,117.9,24.035,8.576210685905995
2017-10-27 08:00:00,2017-11-03 20:00:00,F2273,117.9,24.035,13.440624782465838
2017-10-28 08:00:00,2017-11-04 20:00:00,F2273,117.9,24.035,10.110951276649336
2017-10-30 08:00:00,2017-11-06 20:00:00,F2273,117.9,24.035,4.487272065881412
2017-10-31 08:00:00,2017-11-07 20:00:00,F2273,117.9,24.035,6.55543886279222
2017-11-01 08:00:00,2017-11-08 20:00:00,F2273,117.9,24.035,9.75343953176314
2017-11-02 08:00:00,2017-11-09 20:00:00,F2273,117.9,24.035,3.5788920761743803
2017-11-03 08:00:00,2017-11-10 20:00:00,F2273,117.9,24.035,12.058360183907732
2017-11-04 08:00:00,2017-11-11 20:00:00,F2273,117.9,24.035,8.157110151404481
2017-11-05 08:00:00,2017-11-12 20:00:00,F2273,117.9,24.035,7.155972364574022
2017-11-06 08:00:00,2017-11-13 20:00:00,F2273,117.9,24.035,8.759788619590427
2017-11-07 08:00:00,2017-11-14 20:00:00,F2273,117.9,24.035,9.588120826953807
2017-11-08 08:00:00,2017-11-15 20:00:00,F2273,117.9,24.035,8.543474641897497
2017-11-09 08:00:00,2017-11-16 20:00:00,F2273,117.9,24.035,3.4847961313722733
2017-11-10 08:00:00,2017-11-17 20:00:00,F2273,117.9,24.035,3.050114076044092
2017-11-11 08:00:00,2017-11-18 20:00:00,F2273,117.9,24.035,10.391361624993195
2017-11-12 08:00:00,2017-11-19 20:00:00,F2273,117.9,24.035,6.217336780141323
2017-11-13 08:00:00,2017-11-20 20:00:00,F2273,117.9,24.035,3.7777257331281056
2017-11-14 08:00:00,2017-11-21 20:00:00,F2273,117.9,24.035,6.1192478937320365
2017-11-15 08:00:00,2017-11-22 20:00:00,F2273,117.9,24.035,9.021536580498797
2017-11-16 08:00:00,2017-11-23 20:00:00,F2273,117.9,24.035,8.657765574441344
2017-12-01 08:00:00,2017-12-08 20:00:00,F2273,117.9,24.035,10.706144213037415
2017-12-02 08:00:00,2017-12-09 20:00:00,F2273,117.9,24.035,8.799341039058719
2017-12-03 08:00:00,2017-12-10 20:00:00,F2273,117.9,24.035,8.309749901759435
2017-12-04 08:00:00,2017-12-11 20:00:00,F2273,117.9,24.035,12.16327277210716
2017-12-05 08:00:00,2017-12-12 20:00:00,F2273,117.9,24.035,7.4428043449284385
2017-12-06 08:00:00,2017-12-13 20:00:00,F2273,117.9,24.035,9.369193558885724
2017-12-07 08:00:00,2017-12-14 20:00:00,F2273,117.9,24.035,10.540749093839818
2017-12-08 08:00:00,2017-12-15 20:00:00,F2273,117.9,24.035,4.380377970508558
2017-12-09 08:00:00,2017-12-16 20:00:00,F2273,117.9,24.035,10.741324264122179
2017-12-10 08:00:00,2017-12-17 20:00:00,F2273,117.9,24.035,12.00433089235402
2017-12-11 08:00:00,2017-12-18 20:00:00,F2273,117.9,24.035,11.236336536818659
2017-12-12 08:00:00,2017-12-19 20:00:00,F2273,117.9,24.035,12.17381583453312
2017-12-13 08:00:00,2017-12-20 20:00:00,F2273,117.9,24.035,11.016650337664288
2017-12-14 08:00:00,2017-12-21 20:00:00,F2273,117.9,24.035,10.914690909822642
2017-12-15 08:00:00,2017-12-22 20:00:00,F2273,117.9,24.035,9.716046505695914
2017-12-16 08:00:00,2017-12-23 20:00:00,F2273,117.9,24.035,5.422054594033403
2017-12-17 08:00:00,2017-12-24 20:00:00,F2273,117.9,24.035,9.704998951900023
2017-12-18 08:00:00,2017-12-25 20:00:00,F2273,117.9,24.035,8.333227361699517
2017-12-19 08:00:00,2017-12-26 20:00:00,F2273,117.9,24.035,8.50494666984696
2017-12-20 08:00:00,2017-12-27 20:00:00,F2273,117.9,24.035,6.899855434191491
2017-12-21 08:00:00,2017-12-28 20:00:00,F2273,117.9,24.035,6.651815185154747
2017-12-22 08:00:00,2017-12-29 20:00:00,F2273,117.9,24.035,5.151270691457351
2017-12-23 08:00:00,2017-12-30 20:00:00,F2273,117.9,24.035,4.454492027487213
2017-12-24 08:00:00,2017-12-31 20:00:00,F2273,117.9,24.035,10.568831831810233
2017-12-25 08:00:00,2018-01-01 20:00:00,F2273,117.9,24.035,8.37150173917578
2017-12-26 08:00:00,2018-01-02 20:00:00,F2273,117.9,24.035,9.280804356609435
2017-12-27 08:00:00,2018-01-03 20:00:00,F2273,117.9,24.035,2.6570322549219427
2017-12-28 08:00:00,2018-01-04 20:00:00,F2273,117.9,24.035,9.136061760771904
2017-12-29 08:00:00,2018-01-05 20:00:00,F2273,117.9,24.035,11.776119976270788
2017-12-30 08:00:00,2018-01-06 20:00:00,F2273,117.9,24.035,4.9755505115342
2017-12-31 08:00:00,2018-01-07 20:00:00,F2273,117.9,24.035,2.12123865603399
2018-01-01 08:00:00,2018-01-08 20:00:00,F2273,117.9,24.035,8.016638457935162
2018-01-02 08:00:00,2018-01-09 20:00:00,F2273,117.9,24.035,7.443619267056666
2018-01-03 08:00:00,2018-01-10 20:00:00,F2273,117.9,24.035,8.932295650523107
2018-01-04 08:00:00,2018-01-11 20:00:00,F2273,117.9,24.035,10.230232771133748
2018-01-05 08:00:00,2018-01-12 20:00:00,F2273,117.9,24.035,8.567160578267881
2018-01-06 08:00:00,2018-01-13 20:00:00,F2273,117.9,24.035,9.141408709321947
2018-01-07 08:00:00,2018-01-14 20:00:00,F2273,117.9,24.035,4.7648205251353914
2018-01-08 08:00:00,2018-01-15 20:00:00,F2273,117.9,24.035,4.526469804476762
2018-01-09 08:00:00,2018-01-16 20:00:00,F2273,117.9,24.035,1.4837951102933011
2018-01-10 08:00:00,2018-01-17 20:00:00,F2273,117.9,24.035,7.444831519056523
2018-01-11 08:00:00,2018-01-18 20:00:00,F2273,117.9,24.035,6.776652347943454
2018-01-12 08:00:00,2018-01-19 20:00:00,F2273,117.9,24.035,8.87079340949226
2018-01-13 08:00:00,2018-01-20 20:00:00,F2273,117.9,24.035,6.872297110036706
2018-01-14 08:00:00,2018-01-21 20:00:00,F2273,117.9,24.035,2.335376748684711
2018-01-15 08:00:00,2018-01-22 20:00:00,F2273,117.9,24.035,8.395433044620809
2018-01-16 08:00:00,2018-01-23 20:00:00,F2273,117.9,24.035,7.256033346283804
2018-01-17 08:00:00,2018-01-24 20:00:00,F2273,117.9,24.035,6.582758663466658
2018-01-18 08:00:00,2018-01-25 20:00:00,F2273,117.9,24.035,9.065868821209577
2018-01-20 08:00:00,2018-01-27 20:00:00,F2273,117.9,24.035,7.407620260702193
2018-01-22 08:00:00,2018-01-29 20:00:00,F2273,117.9,24.035,11.972960858606193
2018-01-23 08:00:00,2018-01-30 20:00:00,F2273,117.9,24.035,9.061405765711848
2018-01-24 08:00:00,2018-01-31 20:00:00,F2273,117.9,24.035,8.556737925736705
2018-01-25 08:00:00,2018-02-01 20:00:00,F2273,117.9,24.035,8.76046629520593
2018-01-26 08:00:00,2018-02-02 20:00:00,F2273,117.9,24.035,9.612434343128687
2018-01-27 08:00:00,2018-02-03 20:00:00,F2273,117.9,24.035,10.211868801411176
2018-01-28 08:00:00,2018-02-04 20:00:00,F2273,117.9,24.035,9.799188765338835
2018-01-29 08:00:00,2018-02-05 20:00:00,F2273,117.9,24.035,10.21540400085449
2018-01-30 08:00:00,2018-02-06 20:00:00,F2273,117.9,24.035,7.234267532295276
2018-01-31 08:00:00,2018-02-07 20:00:00,F2273,117.9,24.035,7.207757825593034
2018-02-01 08:00:00,2018-02-08 20:00:00,F2273,117.9,24.035,7.062208958061912
2018-02-02 08:00:00,2018-02-09 20:00:00,F2273,117.9,24.035,4.24412883851388
2018-02-03 08:00:00,2018-02-10 20:00:00,F2273,117.9,24.035,7.768795687546632
2018-02-04 08:00:00,2018-02-11 20:00:00,F2273,117.9,24.035,7.427826171396037
2018-02-05 08:00:00,2018-02-12 20:00:00,F2273,117.9,24.035,3.7409779282475655
2018-02-06 08:00:00,2018-02-13 20:00:00,F2273,117.9,24.035,2.891056448265737
2018-02-07 08:00:00,2018-02-14 20:00:00,F2273,117.9,24.035,2.174662749938073
2018-02-08 08:00:00,2018-02-15 20:00:00,F2273,117.9,24.035,1.357310560839666
2018-02-09 08:00:00,2018-02-16 20:00:00,F2273,117.9,24.035,4.2882970860779634
2018-02-10 08:00:00,2018-02-17 20:00:00,F2273,117.9,24.035,1.9935131330919704
2018-02-12 08:00:00,2018-02-19 20:00:00,F2273,117.9,24.035,7.103254441952734
2018-02-13 08:00:00,2018-02-20 20:00:00,F2273,117.9,24.035,6.980463533749428
2018-02-14 08:00:00,2018-02-21 20:00:00,F2273,117.9,24.035,6.1980962118017295
2018-02-15 08:00:00,2018-02-22 20:00:00,F2273,117.9,24.035,6.036145182519282
2018-02-16 08:00:00,2018-02-23 20:00:00,F2273,117.9,24.035,5.654700270067421
2018-02-17 08:00:00,2018-02-24 20:00:00,F2273,117.9,24.035,3.3080488628424503
2018-02-18 08:00:00,2018-02-25 20:00:00,F2273,117.9,24.035,7.70383261805708
2018-02-19 08:00:00,2018-02-26 20:00:00,F2273,117.9,24.035,5.851861454293911
2018-02-20 08:00:00,2018-02-27 20:00:00,F2273,117.9,24.035,1.9995111304383195
2018-02-21 08:00:00,2018-02-28 20:00:00,F2273,117.9,24.035,9.861807453671236
2018-02-22 08:00:00,2018-03-01 20:00:00,F2273,117.9,24.035,4.2442482223541536
2018-02-23 08:00:00,2018-03-02 20:00:00,F2273,117.9,24.035,1.4903084076390805
2018-02-24 08:00:00,2018-03-03 20:00:00,F2273,117.9,24.035,0.9308361611916276
2018-02-25 08:00:00,2018-03-04 20:00:00,F2273,117.9,24.035,2.0271434321783057
2018-02-26 08:00:00,2018-03-05 20:00:00,F2273,117.9,24.035,3.906275121466862
2018-02-27 08:00:00,2018-03-06 20:00:00,F2273,117.9,24.035,7.090007789919972
2018-02-28 08:00:00,2018-03-07 20:00:00,F2273,117.9,24.035,9.843995280345682
2018-03-01 08:00:00,2018-03-08 20:00:00,F2273,117.9,24.035,8.6530058650787
2018-03-02 08:00:00,2018-03-09 20:00:00,F2273,117.9,24.035,9.087370085927581
2018-03-03 08:00:00,2018-03-10 20:00:00,F2273,117.9,24.035,4.5176316195494
2018-03-04 08:00:00,2018-03-11 20:00:00,F2273,117.9,24.035,4.3176106883189735
2018-03-05 08:00:00,2018-03-12 20:00:00,F2273,117.9,24.035,3.5397653516960963
2018-03-06 08:00:00,2018-03-13 20:00:00,F2273,117.9,24.035,3.030991388318722
2018-03-07 08:00:00,2018-03-14 20:00:00,F2273,117.9,24.035,2.066226437178064
2018-03-09 08:00:00,2018-03-16 20:00:00,F2273,117.9,24.035,7.4047009058230575
2018-03-10 08:00:00,2018-03-17 20:00:00,F2273,117.9,24.035,9.166759803644716
2018-03-11 08:00:00,2018-03-18 20:00:00,F2273,117.9,24.035,1.819264137479696
2018-03-12 08:00:00,2018-03-19 20:00:00,F2273,117.9,24.035,1.9856376754854503
2018-03-13 08:00:00,2018-03-20 20:00:00,F2273,117.9,24.035,5.579683133414799
2018-03-14 08:00:00,2018-03-21 20:00:00,F2273,117.9,24.035,4.438543837296233
2018-03-15 08:00:00,2018-03-22 20:00:00,F2273,117.9,24.035,3.201399013858796
2018-03-16 08:00:00,2018-03-23 20:00:00,F2273,117.9,24.035,3.408734674225228
2018-03-17 08:00:00,2018-03-24 20:00:00,F2273,117.9,24.035,5.9869456789913205
2018-03-18 08:00:00,2018-03-25 20:00:00,F2273,117.9,24.035,4.3897592144443385
2018-03-19 08:00:00,2018-03-26 20:00:00,F2273,117.9,24.035,3.372193338777611
2018-03-20 08:00:00,2018-03-27 20:00:00,F2273,117.9,24.035,2.3739081612923507
2018-03-21 08:00:00,2018-03-28 20:00:00,F2273,117.9,24.035,2.3221302483602835
2018-03-22 08:00:00,2018-03-29 20:00:00,F2273,117.9,24.035,5.366864940689477
2018-03-23 08:00:00,2018-03-30 20:00:00,F2273,117.9,24.035,5.321246323710715
2018-03-24 08:00:00,2018-03-31 20:00:00,F2273,117.9,24.035,2.6208854198494653
2018-03-25 08:00:00,2018-04-01 20:00:00,F2273,117.9,24.035,1.7730074175659305
2018-03-26 08:00:00,2018-04-02 20:00:00,F2273,117.9,24.035,2.1632626008819327
2018-03-28 08:00:00,2018-04-04 20:00:00,F2273,117.9,24.035,2.1028355314402742
2018-03-29 08:00:00,2018-04-05 20:00:00,F2273,117.9,24.035,3.724779886106525
2018-03-30 08:00:00,2018-04-06 20:00:00,F2273,117.9,24.035,7.636080978624704
2018-03-31 08:00:00,2018-04-07 20:00:00,F2273,117.9,24.035,6.236474182232494
2018-04-01 08:00:00,2018-04-08 20:00:00,F2273,117.9,24.035,3.332531973761065
2018-04-02 08:00:00,2018-04-09 20:00:00,F2273,117.9,24.035,2.5400232656666177
2018-04-03 08:00:00,2018-04-10 20:00:00,F2273,117.9,24.035,2.1958904415539577
2018-04-04 08:00:00,2018-04-11 20:00:00,F2273,117.9,24.035,1.4724470080607297
2018-04-05 08:00:00,2018-04-12 20:00:00,F2273,117.9,24.035,2.5118307968918883
2018-04-06 08:00:00,2018-04-13 20:00:00,F2273,117.9,24.035,4.087010438158562
2018-04-07 08:00:00,2018-04-14 20:00:00,F2273,117.9,24.035,9.201950921502403
2018-04-08 08:00:00,2018-04-15 20:00:00,F2273,117.9,24.035,10.768964125715184
2018-04-09 08:00:00,2018-04-16 20:00:00,F2273,117.9,24.035,7.885095699573183
2018-04-10 08:00:00,2018-04-17 20:00:00,F2273,117.9,24.035,7.4739913755707255
2018-04-11 08:00:00,2018-04-18 20:00:00,F2273,117.9,24.035,7.777505060833048
2018-04-12 08:00:00,2018-04-19 20:00:00,F2273,117.9,24.035,6.010063558950415
2018-04-13 08:00:00,2018-04-20 20:00:00,F2273,117.9,24.035,6.163431783345102
2018-04-14 08:00:00,2018-04-21 20:00:00,F2273,117.9,24.035,2.1520465609442003
2018-04-15 08:00:00,2018-04-22 20:00:00,F2273,117.9,24.035,2.0737390379754945
2018-04-16 08:00:00,2018-04-23 20:00:00,F2273,117.9,24.035,2.508375103132321
2018-04-17 08:00:00,2018-04-24 20:00:00,F2273,117.9,24.035,10.258246699741155
2018-04-18 08:00:00,2018-04-25 20:00:00,F2273,117.9,24.035,4.346815400197163
2018-04-20 08:00:00,2018-04-27 20:00:00,F2273,117.9,24.035,4.942676652193692
2018-04-21 08:00:00,2018-04-28 20:00:00,F2273,117.9,24.035,5.602920163346318
2018-04-22 08:00:00,2018-04-29 20:00:00,F2273,117.9,24.035,4.264394001883193
2018-04-23 08:00:00,2018-04-30 20:00:00,F2273,117.9,24.035,2.292808889144524
2018-04-24 08:00:00,2018-05-01 20:00:00,F2273,117.9,24.035,3.661034834417989
2018-04-25 08:00:00,2018-05-02 20:00:00,F2273,117.9,24.035,4.522858781284354
2018-04-26 08:00:00,2018-05-03 20:00:00,F2273,117.9,24.035,8.49725843878296
2018-04-27 08:00:00,2018-05-04 20:00:00,F2273,117.9,24.035,2.733058455751048
2018-04-28 08:00:00,2018-05-05 20:00:00,F2273,117.9,24.035,3.18596543644704
2018-04-29 08:00:00,2018-05-06 20:00:00,F2273,117.9,24.035,7.091489338375903
2018-04-30 08:00:00,2018-05-07 20:00:00,F2273,117.9,24.035,4.54612273335707
2018-05-01 08:00:00,2018-05-08 20:00:00,F2273,117.9,24.035,8.329565515970502
2018-05-02 08:00:00,2018-05-09 20:00:00,F2273,117.9,24.035,5.799315113533003
2018-05-03 08:00:00,2018-05-10 20:00:00,F2273,117.9,24.035,2.738979905577448
2018-05-04 08:00:00,2018-05-11 20:00:00,F2273,117.9,24.035,3.993616923403135
2018-05-05 08:00:00,2018-05-12 20:00:00,F2273,117.9,24.035,3.8896063284473534
2018-05-06 08:00:00,2018-05-13 20:00:00,F2273,117.9,24.035,5.096214414388816
2018-05-07 08:00:00,2018-05-14 20:00:00,F2273,117.9,24.035,6.006715384323816
2018-05-08 08:00:00,2018-05-15 20:00:00,F2273,117.9,24.035,4.8258490472518485
2018-05-09 08:00:00,2018-05-16 20:00:00,F2273,117.9,24.035,6.901503848369655
2018-05-10 08:00:00,2018-05-17 20:00:00,F2273,117.9,24.035,6.930566213283461
2018-05-11 08:00:00,2018-05-18 20:00:00,F2273,117.9,24.035,6.028049868218676
2018-05-12 08:00:00,2018-05-19 20:00:00,F2273,117.9,24.035,6.812540000985727
2018-05-13 08:00:00,2018-05-20 20:00:00,F2273,117.9,24.035,7.796620088895231
2018-05-14 08:00:00,2018-05-21 20:00:00,F2273,117.9,24.035,6.291441873347996
2018-05-15 08:00:00,2018-05-22 20:00:00,F2273,117.9,24.035,4.693698629325223
2018-05-16 08:00:00,2018-05-23 20:00:00,F2273,117.9,24.035,7.962900029257831
2018-05-17 08:00:00,2018-05-24 20:00:00,F2273,117.9,24.035,3.5787611355164994
2018-05-18 08:00:00,2018-05-25 20:00:00,F2273,117.9,24.035,7.310753524828287
2018-05-19 08:00:00,2018-05-26 20:00:00,F2273,117.9,24.035,7.3747519677122435
2018-05-20 08:00:00,2018-05-27 20:00:00,F2273,117.9,24.035,5.62493685931221
2018-05-21 08:00:00,2018-05-28 20:00:00,F2273,117.9,24.035,3.8206785223706974
2018-05-22 08:00:00,2018-05-29 20:00:00,F2273,117.9,24.035,1.8421213812800097
2018-05-23 08:00:00,2018-05-30 20:00:00,F2273,117.9,24.035,2.6878605725410742
2018-05-24 08:00:00,2018-05-31 20:00:00,F2273,117.9,24.035,4.9538493681768
2018-05-25 08:00:00,2018-06-01 20:00:00,F2273,117.9,24.035,6.415035400424059
2018-05-26 08:00:00,2018-06-02 20:00:00,F2273,117.9,24.035,5.484997381461579
2018-05-27 08:00:00,2018-06-03 20:00:00,F2273,117.9,24.035,7.156848033956579
2018-05-28 08:00:00,2018-06-04 20:00:00,F2273,117.9,24.035,4.428175976639655
2018-05-29 08:00:00,2018-06-05 20:00:00,F2273,117.9,24.035,7.2565049848557175
2018-05-30 08:00:00,2018-06-06 20:00:00,F2273,117.9,24.035,2.1746665547698565
2018-05-31 08:00:00,2018-06-07 20:00:00,F2273,117.9,24.035,5.273081310914972
2018-06-01 08:00:00,2018-06-08 20:00:00,F2273,117.9,24.035,6.3359392990497065
2018-06-02 08:00:00,2018-06-09 20:00:00,F2273,117.9,24.035,6.104757761434717
2018-06-03 08:00:00,2018-06-10 20:00:00,F2273,117.9,24.035,7.430224128005547
2018-06-04 08:00:00,2018-06-11 20:00:00,F2273,117.9,24.035,9.399973329775106
2018-06-05 08:00:00,2018-06-12 20:00:00,F2273,117.9,24.035,8.728292631271401
2018-06-06 08:00:00,2018-06-13 20:00:00,F2273,117.9,24.035,11.5375619216289
2018-06-07 08:00:00,2018-06-14 20:00:00,F2273,117.9,24.035,7.6153926513199925
2018-06-08 08:00:00,2018-06-15 20:00:00,F2273,117.9,24.035,4.692278339616244
2018-06-09 08:00:00,2018-06-16 20:00:00,F2273,117.9,24.035,6.614025657465942
2018-06-10 08:00:00,2018-06-17 20:00:00,F2273,117.9,24.035,5.804158230213388
2018-06-11 08:00:00,2018-06-18 20:00:00,F2273,117.9,24.035,7.822219742451121
2018-06-12 08:00:00,2018-06-19 20:00:00,F2273,117.9,24.035,6.886375930166452
2018-06-13 08:00:00,2018-06-20 20:00:00,F2273,117.9,24.035,8.864128629799609
2018-06-14 08:00:00,2018-06-21 20:00:00,F2273,117.9,24.035,9.394691187269306
2018-06-15 08:00:00,2018-06-22 20:00:00,F2273,117.9,24.035,7.965446796596027
2018-06-16 08:00:00,2018-06-23 20:00:00,F2273,117.9,24.035,5.742835637743638
2018-06-17 08:00:00,2018-06-24 20:00:00,F2273,117.9,24.035,6.665825040276687
2018-06-18 08:00:00,2018-06-25 20:00:00,F2273,117.9,24.035,5.350463633865701
2018-06-19 08:00:00,2018-06-26 20:00:00,F2273,117.9,24.035,6.6207934661742485
2018-06-20 08:00:00,2018-06-27 20:00:00,F2273,117.9,24.035,6.65269609738135
2018-06-21 08:00:00,2018-06-28 20:00:00,F2273,117.9,24.035,6.205273452067289
2018-06-22 08:00:00,2018-06-29 20:00:00,F2273,117.9,24.035,6.412689645459733
2018-06-23 08:00:00,2018-06-30 20:00:00,F2273,117.9,24.035,5.495214721397628
2018-06-24 08:00:00,2018-07-01 20:00:00,F2273,117.9,24.035,6.833967621648946
2018-06-25 08:00:00,2018-07-02 20:00:00,F2273,117.9,24.035,6.133824642996701
2018-06-26 08:00:00,2018-07-03 20:00:00,F2273,117.9,24.035,6.0803592690738215
2018-06-27 08:00:00,2018-07-04 20:00:00,F2273,117.9,24.035,5.933428338350973
2018-06-28 08:00:00,2018-07-05 20:00:00,F2273,117.9,24.035,6.169897568352059
2018-06-29 08:00:00,2018-07-06 20:00:00,F2273,117.9,24.035,3.646365057376842
2018-06-30 08:00:00,2018-07-07 20:00:00,F2273,117.9,24.035,5.7465028199762775
2018-07-01 08:00:00,2018-07-08 20:00:00,F2273,117.9,24.035,5.104972411860413
2018-07-02 08:00:00,2018-07-09 20:00:00,F2273,117.9,24.035,4.994471185450146
2018-07-03 08:00:00,2018-07-10 20:00:00,F2273,117.9,24.035,1.5426793454820251
2018-07-04 08:00:00,2018-07-11 20:00:00,F2273,117.9,24.035,6.582108557367146
2018-07-05 08:00:00,2018-07-12 20:00:00,F2273,117.9,24.035,4.632702819377421
2018-07-06 08:00:00,2018-07-13 20:00:00,F2273,117.9,24.035,2.091813255001125
2018-07-07 08:00:00,2018-07-14 20:00:00,F2273,117.9,24.035,4.041910072026089
2018-07-08 08:00:00,2018-07-15 20:00:00,F2273,117.9,24.035,6.24225297775526
2018-07-09 08:00:00,2018-07-16 20:00:00,F2273,117.9,24.035,6.4451235271577145
2018-07-10 08:00:00,2018-07-17 20:00:00,F2273,117.9,24.035,5.444050123245893
2018-07-11 08:00:00,2018-07-18 20:00:00,F2273,117.9,24.035,7.458915486322385
2018-07-12 08:00:00,2018-07-19 20:00:00,F2273,117.9,24.035,3.448974134635328
2018-07-13 08:00:00,2018-07-20 20:00:00,F2273,117.9,24.035,18.54388116014097
2018-07-14 08:00:00,2018-07-21 20:00:00,F2273,117.9,24.035,3.0695501022180527
2018-07-15 08:00:00,2018-07-22 20:00:00,F2273,117.9,24.035,6.549669525038517
2018-07-16 08:00:00,2018-07-23 20:00:00,F2273,117.9,24.035,4.852171682426833
2018-07-17 08:00:00,2018-07-24 20:00:00,F2273,117.9,24.035,6.171330465114101
2018-07-18 08:00:00,2018-07-25 20:00:00,F2273,117.9,24.035,4.058008493242082
2018-07-19 08:00:00,2018-07-26 20:00:00,F2273,117.9,24.035,3.192277223052486
2018-07-20 08:00:00,2018-07-27 20:00:00,F2273,117.9,24.035,4.475544408447386
2018-07-21 08:00:00,2018-07-28 20:00:00,F2273,117.9,24.035,3.051421821176496
2018-07-22 08:00:00,2018-07-29 20:00:00,F2273,117.9,24.035,5.325922895753326
2018-07-23 08:00:00,2018-07-30 20:00:00,F2273,117.9,24.035,6.983428902851967
2018-07-24 08:00:00,2018-07-31 20:00:00,F2273,117.9,24.035,6.3530127510935746
2018-07-25 08:00:00,2018-08-01 20:00:00,F2273,117.9,24.035,6.342105688687028
2018-07-26 08:00:00,2018-08-02 20:00:00,F2273,117.9,24.035,5.985842040606316
2018-07-27 08:00:00,2018-08-03 20:00:00,F2273,117.9,24.035,2.880095141477103
2018-07-28 08:00:00,2018-08-04 20:00:00,F2273,117.9,24.035,2.988769867506268
2018-07-29 08:00:00,2018-08-05 20:00:00,F2273,117.9,24.035,1.5417660219457716
2018-07-30 08:00:00,2018-08-06 20:00:00,F2273,117.9,24.035,2.663467855744904
2018-07-31 08:00:00,2018-08-07 20:00:00,F2273,117.9,24.035,4.4467466069733215
2018-08-01 08:00:00,2018-08-08 20:00:00,F2273,117.9,24.035,3.1058513547295297
2018-08-02 08:00:00,2018-08-09 20:00:00,F2273,117.9,24.035,4.061694661316594
2018-08-03 08:00:00,2018-08-10 20:00:00,F2273,117.9,24.035,3.4087314548685788
2018-08-04 08:00:00,2018-08-11 20:00:00,F2273,117.9,24.035,2.892510958809359
2018-08-05 08:00:00,2018-08-12 20:00:00,F2273,117.9,24.035,3.7474390520988576
2018-08-06 08:00:00,2018-08-13 20:00:00,F2273,117.9,24.035,4.289573665425727
2018-08-07 08:00:00,2018-08-14 20:00:00,F2273,117.9,24.035,2.5145672444291893
2018-08-08 08:00:00,2018-08-15 20:00:00,F2273,117.9,24.035,4.532474309736719
2018-08-09 08:00:00,2018-08-16 20:00:00,F2273,117.9,24.035,12.06015921775738
2018-08-10 08:00:00,2018-08-17 20:00:00,F2273,117.9,24.035,6.1675155282095675
2018-08-11 08:00:00,2018-08-18 20:00:00,F2273,117.9,24.035,6.507136863598102
2018-08-12 08:00:00,2018-08-19 20:00:00,F2273,117.9,24.035,6.179678280540734
2018-08-13 08:00:00,2018-08-20 20:00:00,F2273,117.9,24.035,6.7397733054449205
2018-08-14 08:00:00,2018-08-21 20:00:00,F2273,117.9,24.035,6.23189578155092
2018-08-15 08:00:00,2018-08-22 20:00:00,F2273,117.9,24.035,7.898222583761729
2018-08-16 08:00:00,2018-08-23 20:00:00,F2273,117.9,24.035,4.9676318023883725
2018-08-17 08:00:00,2018-08-24 20:00:00,F2273,117.9,24.035,4.316449189552632
2018-08-18 08:00:00,2018-08-25 20:00:00,F2273,117.9,24.035,3.4284088671165174
2018-08-19 08:00:00,2018-08-26 20:00:00,F2273,117.9,24.035,9.750150427916537
2018-08-20 08:00:00,2018-08-27 20:00:00,F2273,117.9,24.035,10.153402381314931
2018-08-21 08:00:00,2018-08-28 20:00:00,F2273,117.9,24.035,6.2371906652110365
2018-08-22 08:00:00,2018-08-29 20:00:00,F2273,117.9,24.035,9.605767809545672
2018-08-23 08:00:00,2018-08-30 20:00:00,F2273,117.9,24.035,7.177730913471197
2018-08-24 08:00:00,2018-08-31 20:00:00,F2273,117.9,24.035,4.077410468695653
2018-08-25 08:00:00,2018-09-01 20:00:00,F2273,117.9,24.035,4.685124108576166
2018-08-26 08:00:00,2018-09-02 20:00:00,F2273,117.9,24.035,1.2546186356585909
2018-08-27 08:00:00,2018-09-03 20:00:00,F2273,117.9,24.035,4.260466155300511
2018-08-28 08:00:00,2018-09-04 20:00:00,F2273,117.9,24.035,1.835278611929796
2018-08-29 08:00:00,2018-09-05 20:00:00,F2273,117.9,24.035,3.161766624346977
2018-08-30 08:00:00,2018-09-06 20:00:00,F2273,117.9,24.035,3.8546695800136006
2018-08-31 08:00:00,2018-09-07 20:00:00,F2273,117.9,24.035,2.1565351285067065
2018-09-01 08:00:00,2018-09-08 20:00:00,F2273,117.9,24.035,7.414507461148574
2018-09-02 08:00:00,2018-09-09 20:00:00,F2273,117.9,24.035,8.86178052571643
2018-09-03 08:00:00,2018-09-10 20:00:00,F2273,117.9,24.035,8.240731060530731
2018-09-04 08:00:00,2018-09-11 20:00:00,F2273,117.9,24.035,4.623990038821472
2018-09-05 08:00:00,2018-09-12 20:00:00,F2273,117.9,24.035,1.1617521453871498
2018-09-06 08:00:00,2018-09-13 20:00:00,F2273,117.9,24.035,4.968258132658655
2018-09-07 08:00:00,2018-09-14 20:00:00,F2273,117.9,24.035,5.398730452213937
2018-09-08 08:00:00,2018-09-15 20:00:00,F2273,117.9,24.035,16.13027913397122
2018-09-09 08:00:00,2018-09-16 20:00:00,F2273,117.9,24.035,6.187264391416742
2018-09-10 08:00:00,2018-09-17 20:00:00,F2273,117.9,24.035,2.4869415188080497
2018-09-11 08:00:00,2018-09-18 20:00:00,F2273,117.9,24.035,4.6491927756071885
2018-09-12 08:00:00,2018-09-19 20:00:00,F2273,117.9,24.035,4.2507301722670325
2018-09-13 08:00:00,2018-09-20 20:00:00,F2273,117.9,24.035,2.842509972279535
2018-09-14 08:00:00,2018-09-21 20:00:00,F2273,117.9,24.035,3.75306275061189
2018-09-15 08:00:00,2018-09-22 20:00:00,F2273,117.9,24.035,2.63866303820425
2018-09-16 08:00:00,2018-09-23 20:00:00,F2273,117.9,24.035,2.0557157061552167
2018-09-17 08:00:00,2018-09-24 20:00:00,F2273,117.9,24.035,8.070748624118545
2018-09-18 08:00:00,2018-09-25 20:00:00,F2273,117.9,24.035,9.565485176161696
2018-09-19 08:00:00,2018-09-26 20:00:00,F2273,117.9,24.035,7.255590208682902
2018-09-20 08:00:00,2018-09-27 20:00:00,F2273,117.9,24.035,5.673928443925719
2018-09-21 08:00:00,2018-09-28 20:00:00,F2273,117.9,24.035,4.744007276216951
2018-09-22 08:00:00,2018-09-29 20:00:00,F2273,117.9,24.035,4.974599346604403
2018-09-23 08:00:00,2018-09-30 20:00:00,F2273,117.9,24.035,7.0563272553746295
2018-09-24 08:00:00,2018-10-01 20:00:00,F2273,117.9,24.035,4.46667476838022
2018-09-25 08:00:00,2018-10-02 20:00:00,F2273,117.9,24.035,6.607866413875451
2018-09-26 08:00:00,2018-10-03 20:00:00,F2273,117.9,24.035,8.823495963607588
2018-09-27 08:00:00,2018-10-04 20:00:00,F2273,117.9,24.035,9.178668471913435
2018-09-28 08:00:00,2018-10-05 20:00:00,F2273,117.9,24.035,6.3809164965012
2018-09-29 08:00:00,2018-10-06 20:00:00,F2273,117.9,24.035,4.859515697101953
2018-09-30 08:00:00,2018-10-07 20:00:00,F2273,117.9,24.035,7.080645679628296
2018-10-01 08:00:00,2018-10-08 20:00:00,F2273,117.9,24.035,8.393551597288436
2018-10-02 08:00:00,2018-10-09 20:00:00,F2273,117.9,24.035,8.629415867831883
2018-10-03 08:00:00,2018-10-10 20:00:00,F2273,117.9,24.035,8.52742780239774
2018-10-05 08:00:00,2018-10-12 20:00:00,F2273,117.9,24.035,10.566409765820666
2018-10-06 08:00:00,2018-10-13 20:00:00,F2273,117.9,24.035,7.1470060213426425
2018-10-07 08:00:00,2018-10-14 20:00:00,F2273,117.9,24.035,7.592050821407801
2018-10-08 08:00:00,2018-10-15 20:00:00,F2273,117.9,24.035,6.892710136977379
2018-10-09 08:00:00,2018-10-16 20:00:00,F2273,117.9,24.035,9.828110255329296
2018-10-10 08:00:00,2018-10-17 20:00:00,F2273,117.9,24.035,9.398624349158377
2018-10-11 08:00:00,2018-10-18 20:00:00,F2273,117.9,24.035,9.68308520909817
2018-10-12 08:00:00,2018-10-19 20:00:00,F2273,117.9,24.035,9.896385067313679
2018-10-13 08:00:00,2018-10-20 20:00:00,F2273,117.9,24.035,7.737748203939089
2018-10-14 08:00:00,2018-10-21 20:00:00,F2273,117.9,24.035,5.780673914153741
2018-10-15 08:00:00,2018-10-22 20:00:00,F2273,117.9,24.035,5.208439391922834
2018-10-16 08:00:00,2018-10-23 20:00:00,F2273,117.9,24.035,7.808761034734777
2018-10-17 08:00:00,2018-10-24 20:00:00,F2273,117.9,24.035,7.487452292127041
2018-10-18 08:00:00,2018-10-25 20:00:00,F2273,117.9,24.035,3.1658645819010194
2018-10-19 08:00:00,2018-10-26 20:00:00,F2273,117.9,24.035,9.144142873730196
2018-10-20 08:00:00,2018-10-27 20:00:00,F2273,117.9,24.035,7.881829239210696
2018-10-21 08:00:00,2018-10-28 20:00:00,F2273,117.9,24.035,3.1993307986125794
2018-10-22 08:00:00,2018-10-29 20:00:00,F2273,117.9,24.035,9.381208133425043
2018-10-23 08:00:00,2018-10-30 20:00:00,F2273,117.9,24.035,9.90086808835844
2018-10-24 08:00:00,2018-10-31 20:00:00,F2273,117.9,24.035,9.088648284707004
2018-10-28 08:00:00,2018-11-04 20:00:00,F2273,117.9,24.035,5.297582010812962
2018-11-01 08:00:00,2018-11-08 20:00:00,F2273,117.9,24.035,6.315192131798892
2018-11-02 08:00:00,2018-11-09 20:00:00,F2273,117.9,24.035,8.296510043995132
2018-11-03 08:00:00,2018-11-10 20:00:00,F2273,117.9,24.035,5.573651931081438
2018-11-04 08:00:00,2018-11-11 20:00:00,F2273,117.9,24.035,3.765013863608924
2018-11-05 08:00:00,2018-11-12 20:00:00,F2273,117.9,24.035,7.748091704387938
2018-11-07 08:00:00,2018-11-14 20:00:00,F2273,117.9,24.035,9.257303796230346
2018-11-08 08:00:00,2018-11-15 20:00:00,F2273,117.9,24.035,5.510655596155293
2018-11-09 08:00:00,2018-11-16 20:00:00,F2273,117.9,24.035,1.9868334952016755
2018-11-10 08:00:00,2018-11-17 20:00:00,F2273,117.9,24.035,5.800121842391462
2018-11-11 08:00:00,2018-11-18 20:00:00,F2273,117.9,24.035,9.963962726953342
2018-11-12 08:00:00,2018-11-19 20:00:00,F2273,117.9,24.035,8.342698949243912
2018-11-13 08:00:00,2018-11-20 20:00:00,F2273,117.9,24.035,6.266772585793791
2018-11-14 08:00:00,2018-11-21 20:00:00,F2273,117.9,24.035,9.588999223122654
2018-11-15 08:00:00,2018-11-22 20:00:00,F2273,117.9,24.035,6.73918409324012
2018-11-16 08:00:00,2018-11-23 20:00:00,F2273,117.9,24.035,7.923286797678283
2018-11-17 08:00:00,2018-11-24 20:00:00,F2273,117.9,24.035,5.341610568390216
2018-11-18 08:00:00,2018-11-25 20:00:00,F2273,117.9,24.035,4.388638524720131
2018-11-19 08:00:00,2018-11-26 20:00:00,F2273,117.9,24.035,4.842269227024423
2018-11-20 08:00:00,2018-11-27 20:00:00,F2273,117.9,24.035,6.569911565948281
2018-11-21 08:00:00,2018-11-28 20:00:00,F2273,117.9,24.035,6.963692645082428
2018-11-22 08:00:00,2018-11-29 20:00:00,F2273,117.9,24.035,4.5430533946279095
2018-11-23 08:00:00,2018-11-30 20:00:00,F2273,117.9,24.035,3.976240552365895
2018-11-24 08:00:00,2018-12-01 20:00:00,F2273,117.9,24.035,11.163578234981241
2018-11-25 08:00:00,2018-12-02 20:00:00,F2273,117.9,24.035,3.9611965721000137
2018-11-26 08:00:00,2018-12-03 20:00:00,F2273,117.9,24.035,1.7662134054634395
2018-11-27 08:00:00,2018-12-04 20:00:00,F2273,117.9,24.035,5.439953701422024
2018-11-28 08:00:00,2018-12-05 20:00:00,F2273,117.9,24.035,6.959247350801166
2018-11-29 08:00:00,2018-12-06 20:00:00,F2273,117.9,24.035,9.290727465413172
2018-11-30 08:00:00,2018-12-07 20:00:00,F2273,117.9,24.035,11.270009019138625
2018-12-01 08:00:00,2018-12-08 20:00:00,F2273,117.9,24.035,8.08438128607152
2018-12-02 08:00:00,2018-12-09 20:00:00,F2273,117.9,24.035,7.755949188321457
2018-12-03 08:00:00,2018-12-10 20:00:00,F2273,117.9,24.035,6.925956752386397
2018-12-04 08:00:00,2018-12-11 20:00:00,F2273,117.9,24.035,7.694681447452986
2018-12-05 08:00:00,2018-12-12 20:00:00,F2273,117.9,24.035,7.946150570411426
2018-12-06 08:00:00,2018-12-13 20:00:00,F2273,117.9,24.035,6.460234127396181
2018-12-08 08:00:00,2018-12-15 20:00:00,F2273,117.9,24.035,2.199906922902432
2018-12-09 08:00:00,2018-12-16 20:00:00,F2273,117.9,24.035,8.970735826874082
2018-12-10 08:00:00,2018-12-17 20:00:00,F2273,117.9,24.035,8.233156137645043
2018-12-11 08:00:00,2018-12-18 20:00:00,F2273,117.9,24.035,4.0971344095657765
2018-12-12 08:00:00,2018-12-19 20:00:00,F2273,117.9,24.035,2.260893836662473
2018-12-13 08:00:00,2018-12-20 20:00:00,F2273,117.9,24.035,1.8793440795273435
2018-12-14 08:00:00,2018-12-21 20:00:00,F2273,117.9,24.035,8.192414928895504
2018-12-15 08:00:00,2018-12-22 20:00:00,F2273,117.9,24.035,5.560393713641272
2018-12-16 08:00:00,2018-12-23 20:00:00,F2273,117.9,24.035,8.886239384087649
2018-12-17 08:00:00,2018-12-24 20:00:00,F2273,117.9,24.035,9.686783316194587
2018-12-18 08:00:00,2018-12-25 20:00:00,F2273,117.9,24.035,10.398959905893557
2018-12-19 08:00:00,2018-12-26 20:00:00,F2273,117.9,24.035,12.289344803479981
2018-12-20 08:00:00,2018-12-27 20:00:00,F2273,117.9,24.035,13.658446298211784
2018-12-21 08:00:00,2018-12-28 20:00:00,F2273,117.9,24.035,11.312671975221155
2018-12-22 08:00:00,2018-12-29 20:00:00,F2273,117.9,24.035,9.190737686667514
2018-12-23 08:00:00,2018-12-30 20:00:00,F2273,117.9,24.035,10.276532818666867
2018-12-24 08:00:00,2018-12-31 20:00:00,F2273,117.9,24.035,11.424328785016687
2018-12-25 08:00:00,2019-01-01 20:00:00,F2273,117.9,24.035,8.21761087616395
2018-12-26 08:00:00,2019-01-02 20:00:00,F2273,117.9,24.035,10.24689179057992
2018-12-27 08:00:00,2019-01-03 20:00:00,F2273,117.9,24.035,10.093767994003539
2018-12-28 08:00:00,2019-01-04 20:00:00,F2273,117.9,24.035,3.509622626331124
2018-12-29 08:00:00,2019-01-05 20:00:00,F2273,117.9,24.035,8.024473433885495
2018-12-30 08:00:00,2019-01-06 20:00:00,F2273,117.9,24.035,10.397272595865564
